[[[  7  69 201]
  [ 35  65 200]
  [ 16  76 206]
  ...
  [ 20  78 203]
  [ 26  81 208]
  [ 11  74 202]]

 [[ 28  67 199]
  [ 29  66 200]
  [ 29  69 205]
  ...
  [ 17  73 204]
  [ 27  78 205]
  [ 30  75 202]]

 [[ 31  66 200]
  [ 18  70 190]
  [ 36  58 214]
  ...
  [ 24  78 203]
  [ 29  78 206]
  [ 29  75 206]]

 ...

 [[ 20  87 196]
  [ 29  85 192]
  [ 46  88 201]
  ...
  [  6  16  33]
  [  5  10  35]
  [  8  15  42]]

 [[ 52  80 198]
  [ 29  89 195]
  [ 32  88 199]
  ...
  [  8  16  39]
  [  6   8  42]
  [  7  14  41]]

 [[ 24  74 188]
  [ 35  83 195]
  [ 36  95 205]
  ...
  [ 10  15  40]
  [  7  10  41]
  [  5  14  28]]]