16,-1,3394.3623,1567.8751,478.74585,310.79224,0.6769,4,-1,-1
17,-1,3341.7043,1546.8937,461.98315,272.3435,0.7179,4,-1,-1
18,-1,3282.5508,1505.0842,444.73315,259.98755,0.6864,4,-1,-1
19,-1,3233.0725,1455.4834,425.7395,256.92883,0.7421,4,-1,-1
20,-1,3208.0618,1429.0914,390.50806,237.45105,0.8202,4,-1,-1
21,-1,3152.388,1400.5168,363.2771,217.34448,0.9313,4,-1,-1
22,-1,3132.5684,1366.7957,336.5923,228.68823,0.8886,4,-1,-1
23,-1,3096.5317,1347.9103,327.67798,198.47888,0.8853,4,-1,-1
24,-1,3057.2922,1322.9958,311.17285,202.4071,0.9288,4,-1,-1
25,-1,3036.2917,1307.1998,291.43237,184.6222,0.7459,4,-1,-1
26,-1,3010.3835,1283.2448,265.9026,175.29187,0.6053,4,-1,-1
27,-1,2985.45,1266.6964,271.56348,173.6466,0.7547,4,-1,-1
87,-1,2136.9158,1421.779,193.47876,246.16504,0.6048,4,-1,-1
88,-1,2130.0354,1424.885,201.05591,248.24695,0.7264,4,-1,-1
100,-1,2135.3872,1554.7255,240.05981,296.72046,0.6605,4,-1,-1
101,-1,2146.6323,1563.0027,221.41846,294.34595,0.6255,4,-1,-1
102,-1,2147.7615,1563.0961,226.69067,292.05017,0.6564,4,-1,-1
103,-1,2138.4224,1565.6267,239.39917,316.07312,0.6681,4,-1,-1
104,-1,2145.0713,1568.9015,230.07568,316.05676,0.7805,4,-1,-1
105,-1,2146.2957,1592.7904,244.1477,324.4082,0.8477,4,-1,-1
106,-1,2150.3877,1597.0906,240.16406,334.60034,0.8712,4,-1,-1
107,-1,2148.901,1599.1971,233.51733,334.00635,0.8963,4,-1,-1
108,-1,2147.833,1604.011,243.76074,331.90186,0.8911,4,-1,-1
109,-1,2148.7593,1627.1771,249.28711,329.1056,0.9114,4,-1,-1
110,-1,2160.227,1632.7777,233.26367,307.56335,0.8323,4,-1,-1
111,-1,2147.2964,1636.0712,250.80444,343.86987,0.9058,4,-1,-1
112,-1,2156.836,1638.8817,250.88306,351.41052,0.892,4,-1,-1
113,-1,2144.204,1642.2487,261.22583,355.73254,0.9102,4,-1,-1
114,-1,2150.0579,1656.1613,268.6377,373.4757,0.938,4,-1,-1
115,-1,2154.4026,1655.2069,269.1394,361.24927,0.9238,4,-1,-1
116,-1,2151.823,1673.3812,280.8523,367.05188,0.9309,4,-1,-1
117,-1,2150.8718,1696.0667,266.573,348.78772,0.9302,4,-1,-1
118,-1,2149.5125,1699.3209,270.31177,350.1632,0.9027,4,-1,-1
119,-1,2142.5208,1703.6067,286.55103,368.68896,0.9733,4,-1,-1
120,-1,2157.2676,1697.6907,287.51147,371.98633,0.9567,4,-1,-1
121,-1,2157.2122,1706.7743,280.87915,364.25134,0.9444,4,-1,-1
122,-1,2159.6726,1709.4819,280.78662,358.05322,0.9418,4,-1,-1
123,-1,2172.1035,1729.0798,261.677,310.90515,0.8546,4,-1,-1
124,-1,2166.0137,1720.6078,292.28857,345.5746,0.8945,4,-1,-1
125,-1,2171.07,1741.8948,276.74487,325.49097,0.9147,4,-1,-1
126,-1,2160.7322,1727.6116,292.27466,337.94116,0.8704,4,-1,-1
127,-1,2158.585,1735.2236,293.51685,381.92554,0.9079,4,-1,-1
128,-1,2146.977,1750.4825,296.9536,303.00793,0.8959,4,-1,-1
129,-1,2156.24,1730.419,307.6875,412.9519,0.8544,4,-1,-1
130,-1,2158.0461,1752.697,307.7871,380.91797,0.8974,4,-1,-1
131,-1,2158.7852,1750.7374,314.30737,387.68835,0.8478,4,-1,-1
132,-1,2168.0884,1759.375,300.115,356.72534,0.8287,4,-1,-1
133,-1,2159.317,1762.7352,309.18018,360.1864,0.899,4,-1,-1
134,-1,2159.0693,1762.0814,303.135,346.28528,0.8564,4,-1,-1
135,-1,2156.7988,1742.9216,306.2788,388.542,0.9178,4,-1,-1
136,-1,2154.2463,1755.8827,314.2151,382.08215,0.9165,4,-1,-1
137,-1,2149.871,1761.8829,316.83447,365.4867,0.9299,4,-1,-1
138,-1,2155.857,1759.2281,308.48438,355.7909,0.914,4,-1,-1
139,-1,2151.719,1763.2289,322.6311,359.5194,0.8868,4,-1,-1
140,-1,2148.5269,1761.9675,327.33936,365.39648,0.8686,4,-1,-1
141,-1,2145.1277,1763.6086,337.6233,350.2439,0.8329,4,-1,-1
141,-1,2100.9998,1250.9752,187.63818,208.00928,0.6099,4,-1,-1
142,-1,2146.2634,1767.1863,330.04932,358.62964,0.877,4,-1,-1
142,-1,2105.266,1256.8982,185.47949,208.68628,0.6201,4,-1,-1
143,-1,2146.8782,1764.2772,330.3579,366.05652,0.8878,4,-1,-1
144,-1,2147.4507,1750.5112,325.9214,373.20996,0.8809,4,-1,-1
144,-1,2109.562,1261.9575,179.08887,214.71033,0.6888,4,-1,-1
145,-1,2145.7861,1762.1389,317.69165,361.18677,0.8663,4,-1,-1
146,-1,2151.3887,1764.57,305.4734,344.51184,0.8866,4,-1,-1
147,-1,2160.612,1766.6123,292.36548,348.74878,0.9426,4,-1,-1
148,-1,2144.0317,1748.9648,310.2268,396.58447,0.8828,4,-1,-1
149,-1,2148.3254,1755.0254,316.0525,376.71265,0.8941,4,-1,-1
149,-1,2101.6206,1279.2883,205.84546,219.6344,0.621,4,-1,-1
150,-1,2143.4329,1771.7439,311.1272,344.5398,0.8646,4,-1,-1
151,-1,2142.389,1776.5176,310.8247,329.8689,0.9183,4,-1,-1
152,-1,2139.0952,1776.6311,285.41895,308.40186,0.9006,4,-1,-1
152,-1,2102.0012,1290.7626,206.06738,246.93079,0.6067,4,-1,-1
153,-1,2148.4363,1757.45,286.91943,324.4082,0.9023,4,-1,-1
154,-1,2144.329,1752.3479,282.10352,337.84058,0.915,4,-1,-1
154,-1,2106.1292,1303.6766,202.0542,240.43152,0.6846,4,-1,-1
155,-1,2137.0635,1752.1316,304.23096,350.0747,0.8891,4,-1,-1
155,-1,2099.66,1321.6996,213.38037,227.0636,0.6106,4,-1,-1
156,-1,2133.5698,1745.182,308.58105,362.31018,0.8852,4,-1,-1
156,-1,2100.4502,1317.966,215.14648,240.48877,0.6124,4,-1,-1
157,-1,2123.3958,1758.0171,313.58423,342.7483,0.8836,4,-1,-1
157,-1,2096.264,1319.6677,211.4602,255.74548,0.6088,4,-1,-1
158,-1,2124.1191,1754.2375,317.44336,354.708,0.9027,4,-1,-1
158,-1,2097.8489,1331.6432,220.37085,242.95325,0.6801,4,-1,-1
159,-1,2125.0417,1752.6277,315.68848,361.50098,0.8892,4,-1,-1
159,-1,2099.88,1332.1265,210.68652,247.505,0.6202,4,-1,-1
160,-1,2123.0745,1750.0543,323.5276,364.69617,0.868,4,-1,-1
160,-1,2098.2126,1362.1539,218.51733,227.10767,0.6449,4,-1,-1
161,-1,2117.1597,1756.8416,324.0869,360.86108,0.7884,4,-1,-1
162,-1,2115.2737,1748.5704,321.63477,374.4867,0.7701,4,-1,-1
162,-1,2104.674,1374.6718,208.22363,239.50842,0.6242,4,-1,-1
163,-1,2119.3313,1742.6621,315.69043,387.06323,0.7825,4,-1,-1
163,-1,2098.853,1383.5172,216.47119,238.74646,0.6986,4,-1,-1
164,-1,2128.0056,1741.7991,306.83765,384.5498,0.8273,4,-1,-1
164,-1,2102.8735,1348.2035,198.98462,271.34753,0.7861,4,-1,-1
165,-1,2124.375,1737.0529,312.50513,391.46497,0.8243,4,-1,-1
165,-1,2103.2131,1374.8861,212.219,258.39685,0.6983,4,-1,-1
166,-1,2119.7178,1743.1537,316.31323,387.84558,0.816,4,-1,-1
166,-1,2103.2734,1380.2592,213.67773,251.85327,0.7199,4,-1,-1
167,-1,2126.4785,1742.9161,309.98828,382.4049,0.8279,4,-1,-1
167,-1,2099.0278,1375.9982,212.50293,258.21082,0.751,4,-1,-1
168,-1,2131.1594,1755.7256,310.71948,349.1931,0.8965,4,-1,-1
168,-1,2103.4907,1402.6287,220.91602,239.27466,0.6027,4,-1,-1
169,-1,2116.047,1763.6692,313.57495,339.18726,0.8481,4,-1,-1
169,-1,2102.6348,1417.515,216.18164,235.05334,0.7104,4,-1,-1
170,-1,2122.4119,1777.3782,310.50464,311.77856,0.8734,4,-1,-1
170,-1,2101.1782,1411.2461,224.62549,242.87122,0.6487,4,-1,-1
171,-1,2135.252,1778.6791,298.21118,307.16272,0.9282,4,-1,-1
171,-1,2105.07,1397.4225,217.25269,257.98682,0.6984,4,-1,-1
172,-1,2134.6394,1769.3413,308.79346,335.65063,0.8986,4,-1,-1
172,-1,2102.9702,1412.6626,207.75366,256.7213,0.7617,4,-1,-1
173,-1,2123.3306,1753.2483,325.5984,369.76538,0.8898,4,-1,-1
173,-1,2098.7178,1416.355,206.24805,253.06372,0.6308,4,-1,-1
174,-1,2129.569,1749.4152,317.29688,356.80457,0.8274,4,-1,-1
175,-1,2145.285,1749.0746,289.36084,339.18738,0.9139,4,-1,-1
175,-1,2108.6577,1362.4177,220.5857,295.46716,0.7521,4,-1,-1
176,-1,2146.1282,1748.9359,290.60547,340.13953,0.9072,4,-1,-1
176,-1,2118.4543,1348.5548,195.07397,278.52832,0.7155,4,-1,-1
177,-1,2138.3645,1757.2759,294.02344,331.42944,0.8719,4,-1,-1
177,-1,2110.2952,1364.6405,221.19531,294.93115,0.7548,4,-1,-1
178,-1,2134.045,1762.0035,317.844,334.51965,0.827,4,-1,-1
178,-1,2103.7017,1394.3597,235.06299,267.74036,0.6023,4,-1,-1
179,-1,2142.9395,1747.7035,315.68213,343.45593,0.8697,4,-1,-1
180,-1,2139.07,1757.9834,325.3501,334.25928,0.8717,4,-1,-1
181,-1,2144.7195,1753.3364,309.9746,348.62134,0.8787,4,-1,-1
181,-1,2116.55,1412.1464,215.55713,257.43665,0.6114,4,-1,-1
182,-1,2160.2278,1755.9807,292.63647,318.80737,0.8824,4,-1,-1
182,-1,2127.2136,1387.9543,210.61328,279.625,0.6719,4,-1,-1
183,-1,2164.2122,1762.7802,288.87573,311.318,0.9079,4,-1,-1
183,-1,2128.1008,1392.4509,212.28638,276.59583,0.6581,4,-1,-1
184,-1,2158.1406,1762.5327,296.20703,307.45117,0.8616,4,-1,-1
184,-1,2126.4546,1386.5459,213.49658,276.05615,0.6866,4,-1,-1
185,-1,2159.0737,1767.6128,292.15283,308.05078,0.9015,4,-1,-1
185,-1,2120.4175,1380.3496,217.27344,281.0746,0.7165,4,-1,-1
186,-1,2162.6436,1768.0275,288.5276,304.64368,0.9155,4,-1,-1
186,-1,2123.0796,1387.408,213.85962,276.01953,0.6734,4,-1,-1
187,-1,2163.5928,1763.4388,284.1277,312.50427,0.9353,4,-1,-1
187,-1,2124.765,1396.9045,206.50073,269.96228,0.6528,4,-1,-1
188,-1,2153.478,1751.6189,290.37402,333.75635,0.9183,4,-1,-1
189,-1,2161.0361,1751.0648,286.10278,329.72766,0.9179,4,-1,-1
189,-1,2132.028,1407.9592,198.24878,264.10852,0.6384,4,-1,-1
190,-1,2162.3699,1758.723,280.90723,325.68494,0.9187,4,-1,-1
191,-1,2161.5913,1760.2242,283.2395,320.32434,0.9195,4,-1,-1
192,-1,2142.746,1758.1456,315.88672,361.68494,0.8988,4,-1,-1
193,-1,2149.0251,1765.51,303.36182,332.67383,0.9184,4,-1,-1
194,-1,2138.978,1761.5132,327.35376,375.35986,0.9129,4,-1,-1
194,-1,2131.2056,1383.2091,203.73657,290.2378,0.6467,4,-1,-1
195,-1,2141.2046,1764.3527,321.2976,350.0121,0.9032,4,-1,-1
195,-1,2131.16,1379.1399,203.16943,293.60327,0.6434,4,-1,-1
196,-1,2148.7556,1771.9495,304.86572,313.91162,0.9059,4,-1,-1
197,-1,2145.6555,1763.7042,330.46777,354.86218,0.8422,4,-1,-1
197,-1,2131.3018,1369.8632,205.20996,295.5033,0.6269,4,-1,-1
198,-1,2146.6938,1756.2683,314.5027,346.91626,0.8885,4,-1,-1
198,-1,2131.7468,1372.3235,201.3623,294.22205,0.6398,4,-1,-1
199,-1,2141.6409,1753.1451,320.86206,360.46204,0.899,4,-1,-1
199,-1,2135.3582,1375.9719,198.73413,289.614,0.63,4,-1,-1
200,-1,2149.4731,1753.8425,328.0935,372.2019,0.8734,4,-1,-1
201,-1,2143.9177,1766.6842,338.00244,358.94373,0.9018,4,-1,-1
202,-1,2137.241,1759.5814,346.89917,347.52332,0.8411,4,-1,-1
203,-1,2144.8118,1749.3138,335.4807,372.1068,0.7795,4,-1,-1
203,-1,2131.3867,1395.5853,205.6665,278.48206,0.6151,4,-1,-1
204,-1,2139.6267,1746.1296,349.6172,396.27124,0.7759,4,-1,-1
205,-1,2146.0474,1767.7528,333.52026,365.7423,0.7965,4,-1,-1
206,-1,2145.4648,1763.9342,338.65308,360.71912,0.8507,4,-1,-1
207,-1,2136.8376,1786.7081,340.1338,318.65662,0.8749,4,-1,-1
208,-1,2133.158,1778.2999,338.88794,314.724,0.8773,4,-1,-1
209,-1,2133.249,1773.1555,340.8755,321.74463,0.8684,4,-1,-1
210,-1,2138.998,1767.9458,336.17676,327.05713,0.868,4,-1,-1
211,-1,2142.367,1770.064,332.10376,329.25903,0.8659,4,-1,-1
212,-1,2146.604,1769.6626,323.22583,356.23877,0.8643,4,-1,-1
213,-1,2145.0547,1772.804,330.61987,334.74292,0.8867,4,-1,-1
214,-1,2143.2632,1774.8842,332.9624,345.2152,0.9058,4,-1,-1
215,-1,2138.8638,1764.3298,343.75684,359.09448,0.8268,4,-1,-1
216,-1,2140.4612,1764.0592,342.3252,357.00037,0.8389,4,-1,-1
217,-1,2143.3264,1770.7896,339.54077,341.11133,0.8516,4,-1,-1
218,-1,2143.3853,1781.8225,338.5022,321.58325,0.8827,4,-1,-1
218,-1,2127.5107,1376.0928,212.40503,296.13745,0.6003,4,-1,-1
219,-1,2142.273,1781.0902,340.73218,325.06433,0.9027,4,-1,-1
220,-1,2130.5852,1776.6172,334.58228,335.46826,0.9026,4,-1,-1
220,-1,2136.3264,1384.5134,195.56104,293.97607,0.6572,4,-1,-1
221,-1,2139.6245,1777.5455,321.83032,330.70642,0.9048,4,-1,-1
222,-1,2140.8718,1777.6946,320.12793,325.03857,0.9112,4,-1,-1
223,-1,2154.5945,1772.9608,303.73755,334.61707,0.9157,4,-1,-1
224,-1,2150.6082,1779.3812,305.51245,348.41833,0.9219,4,-1,-1
225,-1,2159.5762,1774.3181,297.45654,334.3213,0.9236,4,-1,-1
226,-1,2157.1458,1767.9084,301.90723,344.90747,0.8932,4,-1,-1
227,-1,2162.2341,1779.7339,294.19116,330.17432,0.9278,4,-1,-1
228,-1,2158.017,1776.9208,296.87524,331.13513,0.907,4,-1,-1
229,-1,2153.2417,1782.9358,303.53027,342.12524,0.933,4,-1,-1
230,-1,2150.0688,1780.0219,307.0249,348.4901,0.9014,4,-1,-1
231,-1,2149.6936,1774.5017,312.67603,358.76514,0.8934,4,-1,-1
232,-1,2156.2732,1775.5648,304.26758,347.391,0.9055,4,-1,-1
233,-1,2146.0808,1774.3485,311.1565,351.95203,0.9028,4,-1,-1
234,-1,2146.2854,1768.824,304.91992,354.6787,0.8922,4,-1,-1
235,-1,2149.262,1770.1199,309.12817,355.16406,0.9056,4,-1,-1
236,-1,2162.2532,1767.287,293.6521,349.43982,0.9266,4,-1,-1
237,-1,2154.2673,1771.4851,298.88696,331.45654,0.9318,4,-1,-1
238,-1,2162.9402,1761.0217,291.0288,323.15405,0.9204,4,-1,-1
239,-1,2158.0625,1771.6155,295.21167,314.01636,0.9314,4,-1,-1
240,-1,2148.7551,1768.912,303.4026,325.5255,0.8866,4,-1,-1
241,-1,2153.8176,1775.4446,299.70703,324.4729,0.9095,4,-1,-1
241,-1,2125.2227,1409.3529,203.552,272.4297,0.6516,4,-1,-1
242,-1,2144.495,1771.0156,306.6045,336.65967,0.9051,4,-1,-1
242,-1,2118.5203,1414.4867,209.61353,269.7484,0.6233,4,-1,-1
243,-1,2144.8267,1774.215,310.60645,332.09705,0.9245,4,-1,-1
244,-1,2143.5933,1772.5692,307.28516,337.21423,0.9014,4,-1,-1
244,-1,2117.8103,1416.5114,213.26514,266.92944,0.6145,4,-1,-1
245,-1,2154.8984,1775.7473,301.01904,336.96948,0.9402,4,-1,-1
245,-1,2132.5637,1414.8682,198.33716,265.0453,0.622,4,-1,-1
246,-1,2141.3416,1767.9547,314.46802,355.81458,0.917,4,-1,-1
247,-1,2148.1812,1771.5608,305.91382,349.10938,0.9189,4,-1,-1
247,-1,2123.6978,1408.2561,200.87549,272.58435,0.6416,4,-1,-1
248,-1,2142.8696,1768.5518,314.32886,355.98853,0.9186,4,-1,-1
248,-1,2119.2388,1414.5304,207.07397,265.97034,0.6283,4,-1,-1
249,-1,2146.1907,1766.0032,310.2151,363.6189,0.9129,4,-1,-1
249,-1,2124.186,1410.0853,202.44824,273.4983,0.6625,4,-1,-1
250,-1,2142.265,1760.5337,315.17627,377.13232,0.9013,4,-1,-1
250,-1,2117.104,1423.8705,210.4624,255.51733,0.6167,4,-1,-1
251,-1,2150.149,1764.4333,302.5498,369.06445,0.8768,4,-1,-1
252,-1,2145.526,1762.341,309.1931,377.09924,0.8968,4,-1,-1
252,-1,2120.8416,1412.094,205.10742,266.11108,0.6125,4,-1,-1
253,-1,2144.8606,1759.4595,308.489,380.48853,0.8825,4,-1,-1
253,-1,2117.4114,1415.0565,208.8374,264.18384,0.6286,4,-1,-1
254,-1,2148.5115,1761.5707,302.97363,372.9569,0.8831,4,-1,-1
255,-1,2151.2512,1759.1011,302.17212,378.81714,0.8497,4,-1,-1
256,-1,2148.871,1759.7329,309.2019,377.8191,0.8839,4,-1,-1
257,-1,2143.5923,1754.6233,316.0901,374.11084,0.8837,4,-1,-1
258,-1,2132.8418,1755.754,336.06494,369.16565,0.9118,4,-1,-1
259,-1,2132.2708,1753.8601,334.63477,376.0652,0.9124,4,-1,-1
260,-1,2141.0608,1754.3865,322.4541,387.29028,0.9125,4,-1,-1
260,-1,2109.2861,1439.7963,230.45068,236.8357,0.6132,4,-1,-1
261,-1,2140.4712,1757.1019,327.3318,381.88684,0.9068,4,-1,-1
262,-1,2137.7383,1757.4457,331.19995,382.1776,0.9166,4,-1,-1
262,-1,3380.994,1497.3848,506.7334,409.9486,0.639,5,-1,-1
263,-1,2146.096,1764.8267,305.67798,364.6726,0.9061,4,-1,-1
263,-1,3360.6912,1496.4702,458.6775,352.43506,0.6897,5,-1,-1
264,-1,2131.0205,1767.7423,306.24854,331.3888,0.9311,4,-1,-1
264,-1,2103.3787,1425.9156,243.81372,253.47229,0.6808,4,-1,-1
264,-1,3342.7148,1467.118,468.28687,342.27234,0.6186,5,-1,-1
265,-1,2142.3933,1769.9207,302.23022,347.45117,0.8965,4,-1,-1
265,-1,2107.5654,1439.8917,240.87427,243.16504,0.6344,4,-1,-1
266,-1,2131.746,1766.7666,302.86597,333.76978,0.9345,4,-1,-1
267,-1,2136.1064,1763.81,297.1433,342.09985,0.9275,4,-1,-1
267,-1,2103.33,1428.6927,240.8899,247.10974,0.6638,4,-1,-1
268,-1,2142.049,1771.0219,298.0747,353.08533,0.9372,4,-1,-1
268,-1,2114.7834,1393.4135,210.3855,281.64282,0.7143,4,-1,-1
269,-1,2135.2793,1774.8265,298.8423,347.87122,0.9124,4,-1,-1
269,-1,2117.673,1396.7944,202.88647,280.51953,0.695,4,-1,-1
269,-1,3241.4634,1381.4951,383.28223,282.09143,0.6351,5,-1,-1
270,-1,2137.4897,1777.8828,296.9668,349.45312,0.9075,4,-1,-1
270,-1,2119.0469,1395.7932,199.18726,282.14294,0.647,4,-1,-1
270,-1,3204.599,1372.1879,387.2556,291.17896,0.631,5,-1,-1
271,-1,2136.4329,1773.6637,298.3125,343.61487,0.9169,4,-1,-1
271,-1,2121.508,1400.5195,193.8103,278.2179,0.7009,4,-1,-1
272,-1,2132.4004,1767.7426,317.90723,337.1881,0.8673,4,-1,-1
272,-1,2118.414,1415.7006,196.16187,268.59094,0.7848,4,-1,-1
272,-1,3186.9211,1345.654,348.87573,255.58081,0.728,4,-1,-1
273,-1,2128.0884,1778.802,324.8938,324.8733,0.9171,4,-1,-1
273,-1,2111.1812,1414.7135,198.72168,273.2328,0.8057,4,-1,-1
273,-1,3175.7986,1321.6758,333.15063,250.58777,0.6758,4,-1,-1
274,-1,2128.643,1775.075,315.9839,324.63745,0.8975,4,-1,-1
274,-1,2116.9265,1416.6405,197.95142,271.5415,0.7693,4,-1,-1
274,-1,3151.1865,1324.2941,333.24536,249.55579,0.7241,4,-1,-1
275,-1,2123.4443,1763.8727,299.1289,329.27332,0.8447,4,-1,-1
275,-1,2111.1055,1419.7361,199.3003,269.07544,0.7838,4,-1,-1
276,-1,2125.0068,1769.6603,299.80884,308.71204,0.8836,4,-1,-1
276,-1,3135.0627,1296.061,280.26465,227.35608,0.7518,4,-1,-1
276,-1,2105.702,1446.1619,227.97925,234.68079,0.6606,4,-1,-1
277,-1,2128.9685,1756.7216,295.3999,319.93518,0.8567,4,-1,-1
278,-1,2128.189,1763.2925,301.08374,338.59546,0.8965,4,-1,-1
279,-1,2118.5828,1772.564,315.85254,340.7461,0.8394,4,-1,-1
280,-1,2124.4902,1776.3221,302.2024,336.51746,0.8844,4,-1,-1
281,-1,2121.052,1774.3708,306.60352,315.04102,0.8551,4,-1,-1
281,-1,2104.9116,1421.2332,221.45972,263.68408,0.701,4,-1,-1
282,-1,2105.7795,1758.4312,337.58765,370.64697,0.7679,4,-1,-1
282,-1,2106.579,1404.644,206.29956,286.20117,0.7392,4,-1,-1
283,-1,2125.9915,1761.6716,307.53003,345.76,0.7872,4,-1,-1
283,-1,2107.6687,1426.3439,216.83203,260.81763,0.6749,4,-1,-1
284,-1,2121.2805,1770.7429,324.26245,338.6101,0.8512,4,-1,-1
284,-1,2109.9736,1423.7034,214.4458,274.99536,0.6895,4,-1,-1
285,-1,2124.5483,1780.4672,318.97412,316.79797,0.862,4,-1,-1
285,-1,2111.333,1423.2781,212.47852,275.54565,0.6674,4,-1,-1
286,-1,2124.3752,1781.817,319.50854,308.6095,0.892,4,-1,-1
286,-1,2109.6104,1425.2544,214.11865,269.12427,0.6931,4,-1,-1
287,-1,2132.4211,1792.3888,296.51392,308.16052,0.893,4,-1,-1
287,-1,2113.612,1432.826,217.0774,263.76038,0.6195,4,-1,-1
288,-1,2135.7239,1801.774,291.17407,291.3307,0.921,4,-1,-1
288,-1,2119.256,1415.6716,187.24536,267.94446,0.647,4,-1,-1
289,-1,2137.2146,1794.2139,301.27612,289.7063,0.9214,4,-1,-1
289,-1,2116.573,1410.6897,195.15405,267.85962,0.6232,4,-1,-1
290,-1,2125.0276,1785.0754,310.3767,299.4099,0.8988,4,-1,-1
291,-1,2113.0127,1781.2216,342.08203,305.30798,0.8677,4,-1,-1
292,-1,2129.1487,1780.0613,326.90942,315.70654,0.8684,4,-1,-1
293,-1,2128.423,1775.7534,333.0735,328.80566,0.8621,4,-1,-1
294,-1,2140.2876,1793.6156,305.57227,308.9745,0.9181,4,-1,-1
295,-1,2145.247,1788.9259,313.11597,294.8053,0.9264,4,-1,-1
296,-1,2128.9524,1792.7739,333.7119,302.75586,0.8756,4,-1,-1
297,-1,2139.7068,1783.5364,332.0857,318.94897,0.9092,4,-1,-1
298,-1,2137.8284,1772.7504,336.78198,333.7069,0.875,4,-1,-1
299,-1,2140.1099,1762.4124,339.9292,358.9768,0.835,4,-1,-1
300,-1,2142.6433,1760.5714,339.6101,359.32703,0.8411,4,-1,-1
301,-1,2151.8303,1770.365,319.75317,353.042,0.8805,4,-1,-1
302,-1,2145.4573,1768.1917,323.41357,360.16724,0.88,4,-1,-1
303,-1,2146.191,1767.3954,325.45728,355.63147,0.8767,4,-1,-1
304,-1,2139.1328,1760.795,341.85815,346.37878,0.8284,4,-1,-1
305,-1,2138.823,1766.1012,342.78687,343.55774,0.8377,4,-1,-1
306,-1,2146.9531,1771.8815,329.69727,343.7047,0.8549,4,-1,-1
307,-1,2143.6313,1764.972,335.531,357.18347,0.8629,4,-1,-1
308,-1,2145.0557,1776.2808,306.2107,335.86646,0.8883,4,-1,-1
309,-1,2159.0432,1767.2865,295.13745,319.4325,0.9174,4,-1,-1
310,-1,2146.1313,1773.2776,308.32202,341.53296,0.9247,4,-1,-1
310,-1,2120.5657,1416.7834,219.93945,274.9314,0.6049,4,-1,-1
311,-1,2143.5503,1762.4172,304.7107,350.677,0.8619,4,-1,-1
311,-1,2116.75,1430.6383,222.8938,260.8584,0.6114,4,-1,-1
312,-1,2133.6768,1764.198,327.7312,361.6599,0.8688,4,-1,-1
312,-1,2110.3381,1453.4646,232.04272,234.96338,0.6671,4,-1,-1
313,-1,2112.7979,1759.28,341.8645,376.9812,0.814,4,-1,-1
314,-1,2118.527,1763.8596,329.44116,350.2881,0.78,4,-1,-1
315,-1,2142.1895,1771.769,307.6123,337.38623,0.9143,4,-1,-1
315,-1,2117.3755,1403.2826,199.35498,276.77075,0.6433,4,-1,-1
316,-1,2143.394,1770.7231,304.16797,339.24243,0.9034,4,-1,-1
316,-1,2119.004,1404.2499,195.4065,277.636,0.6047,4,-1,-1
317,-1,2126.1306,1764.2656,319.56055,354.02124,0.8736,4,-1,-1
317,-1,2113.2676,1419.6558,193.1582,269.5796,0.6987,4,-1,-1
318,-1,2131.0454,1778.8911,307.8872,345.18042,0.8991,4,-1,-1
318,-1,2121.934,1405.502,192.42676,279.47278,0.6643,4,-1,-1
319,-1,2120.3965,1757.526,324.2776,361.68127,0.838,4,-1,-1
319,-1,2112.5637,1424.7222,208.48535,268.82178,0.6648,4,-1,-1
320,-1,2120.8032,1758.4312,319.3235,365.42285,0.8225,4,-1,-1
320,-1,2117.1162,1423.2673,192.67285,262.96338,0.6798,4,-1,-1
321,-1,2118.209,1768.4858,325.78418,334.6548,0.8531,4,-1,-1
321,-1,2108.8718,1428.0046,213.92505,267.2295,0.6737,4,-1,-1
322,-1,2121.2202,1774.0603,323.15747,330.98413,0.8432,4,-1,-1
322,-1,2109.7944,1432.5774,206.8794,261.11108,0.6348,4,-1,-1
323,-1,2126.418,1788.7084,317.8296,311.96326,0.8173,4,-1,-1
323,-1,2105.528,1441.5192,212.92383,246.45166,0.6387,4,-1,-1
324,-1,2124.1956,1791.471,315.2854,304.927,0.8251,4,-1,-1
324,-1,2108.1187,1437.0469,209.66406,250.8623,0.6201,4,-1,-1
325,-1,2110.5679,1789.3229,319.8689,288.52087,0.8501,4,-1,-1
326,-1,2118.294,1792.0021,302.47534,280.13367,0.8629,4,-1,-1
327,-1,2120.8796,1801.0149,305.35913,290.94263,0.8574,4,-1,-1
327,-1,2103.4355,1435.0884,227.9939,248.82568,0.6359,4,-1,-1
328,-1,2114.9238,1793.9618,320.96753,306.62024,0.8318,4,-1,-1
328,-1,2104.822,1421.8328,222.48999,269.63147,0.6841,4,-1,-1
329,-1,2114.7576,1793.4286,321.3164,307.08093,0.8321,4,-1,-1
329,-1,2103.6055,1420.8024,223.36426,271.0697,0.6925,4,-1,-1
330,-1,2109.2866,1785.4111,329.7356,316.1963,0.802,4,-1,-1
330,-1,2102.7878,1424.3612,225.31763,267.5736,0.7101,4,-1,-1
331,-1,2114.052,1779.8259,319.10498,311.55493,0.8287,4,-1,-1
331,-1,2102.1914,1416.898,228.60132,275.48328,0.7183,4,-1,-1
332,-1,2130.4834,1784.1313,315.302,310.30054,0.9194,4,-1,-1
332,-1,2102.414,1412.4707,228.11255,281.30664,0.7408,4,-1,-1
333,-1,2118.7126,1782.0526,319.41235,309.7235,0.9081,4,-1,-1
333,-1,2108.2197,1380.5337,204.07983,310.89124,0.7313,4,-1,-1
334,-1,2120.2786,1783.338,322.59937,309.81775,0.9164,4,-1,-1
334,-1,2103.0037,1403.6627,227.93164,294.69348,0.7314,4,-1,-1
335,-1,2123.5925,1790.8882,315.37085,297.52563,0.9341,4,-1,-1
335,-1,2109.186,1383.5062,199.63965,306.35547,0.7141,4,-1,-1
336,-1,2116.065,1789.2224,319.70215,303.3606,0.8539,4,-1,-1
336,-1,2103.3342,1422.8484,226.7688,267.7367,0.6941,4,-1,-1
337,-1,2122.6199,1780.8004,315.38574,310.7152,0.9251,4,-1,-1
337,-1,2101.1023,1411.5302,229.39966,283.93176,0.7267,4,-1,-1
338,-1,2122.806,1785.021,322.8606,309.15967,0.9351,4,-1,-1
338,-1,2099.3208,1405.8873,230.98291,291.8794,0.7422,4,-1,-1
339,-1,2122.1646,1781.8962,327.95215,314.9922,0.92,4,-1,-1
339,-1,2106.2659,1391.5974,208.56836,298.04443,0.7539,4,-1,-1
340,-1,2119.5974,1782.4557,323.19604,313.71228,0.9211,4,-1,-1
340,-1,2103.3694,1409.9655,227.56982,291.5879,0.697,4,-1,-1
341,-1,2119.1226,1780.9097,320.66455,314.33813,0.8963,4,-1,-1
341,-1,2103.754,1407.1146,225.95215,288.89075,0.6916,4,-1,-1
342,-1,2120.3418,1779.2052,328.5691,324.84656,0.9197,4,-1,-1
342,-1,2102.59,1422.545,221.41064,272.1277,0.7115,4,-1,-1
343,-1,2123.3635,1770.7329,320.34082,344.89014,0.8193,4,-1,-1
343,-1,2109.4175,1423.1096,212.7649,278.4757,0.705,4,-1,-1
344,-1,2132.3499,1773.8049,301.54907,346.91138,0.8018,4,-1,-1
344,-1,2110.6848,1430.2301,212.36255,272.1886,0.7139,4,-1,-1
345,-1,2119.1836,1767.1882,319.3474,350.60547,0.8422,4,-1,-1
345,-1,2108.648,1433.0072,212.3252,270.28088,0.7133,4,-1,-1
346,-1,2126.301,1777.3834,310.8828,342.90906,0.8289,4,-1,-1
346,-1,2110.124,1438.7496,213.10669,265.04114,0.6838,4,-1,-1
347,-1,2117.2144,1773.9993,323.3186,330.3545,0.8816,4,-1,-1
347,-1,2107.8389,1438.4637,214.96167,266.19788,0.7304,4,-1,-1
348,-1,2129.5642,1806.5569,294.04565,296.78662,0.9021,4,-1,-1
348,-1,2110.1528,1435.8934,218.35767,267.54236,0.6627,4,-1,-1
349,-1,2132.0237,1817.779,291.06445,286.1648,0.9394,4,-1,-1
349,-1,2112.3372,1436.2511,218.30371,266.47412,0.6508,4,-1,-1
350,-1,2120.7976,1788.9337,321.72046,308.9674,0.8678,4,-1,-1
350,-1,2108.2595,1411.5157,210.50098,289.37195,0.6488,4,-1,-1
351,-1,2129.0461,1789.0325,321.25806,314.3064,0.9089,4,-1,-1
351,-1,2112.8486,1394.5096,189.63135,296.16785,0.68,4,-1,-1
352,-1,2116.6538,1792.1664,331.2578,310.38782,0.9074,4,-1,-1
352,-1,2112.5798,1388.8329,188.34644,300.70886,0.7253,4,-1,-1
353,-1,2121.174,1788.5288,328.136,323.68408,0.8396,4,-1,-1
353,-1,2108.1838,1417.3721,217.20142,290.99536,0.6954,4,-1,-1
354,-1,2117.7927,1791.7325,329.5144,317.3639,0.8503,4,-1,-1
354,-1,2106.645,1409.7773,216.56592,295.02112,0.6827,4,-1,-1
355,-1,2118.2168,1792.0408,333.6997,313.9209,0.9103,4,-1,-1
355,-1,2103.8145,1408.0955,219.25293,289.36902,0.6902,4,-1,-1
356,-1,2120.8533,1786.3981,326.16235,327.1693,0.8007,4,-1,-1
356,-1,2107.8472,1414.564,218.09473,289.9879,0.6613,4,-1,-1
357,-1,2114.2378,1788.586,327.89136,311.31116,0.8638,4,-1,-1
357,-1,2112.8513,1402.5804,184.62524,283.0011,0.6718,4,-1,-1
358,-1,2129.1628,1796.1978,315.0078,297.4624,0.9115,4,-1,-1
358,-1,2108.837,1426.3926,208.05591,272.39526,0.6342,4,-1,-1
359,-1,2121.6855,1800.3535,313.38843,291.5039,0.9323,4,-1,-1
359,-1,2105.1392,1439.1898,213.59546,259.59216,0.6567,4,-1,-1
360,-1,2126.1213,1777.327,306.84253,342.27112,0.8265,4,-1,-1
360,-1,2108.8137,1436.5863,211.86401,269.3567,0.7057,4,-1,-1
361,-1,2125.068,1769.1478,316.37915,351.12122,0.8318,4,-1,-1
361,-1,2111.3547,1438.1298,217.99487,263.9569,0.6784,4,-1,-1
362,-1,2122.12,1781.2393,322.00635,321.4048,0.8758,4,-1,-1
362,-1,2109.505,1435.5435,213.80396,266.64746,0.7353,4,-1,-1
363,-1,2122.8528,1778.4104,315.84497,315.26196,0.8611,4,-1,-1
363,-1,2109.2068,1423.026,213.03833,276.7621,0.7125,4,-1,-1
364,-1,2117.326,1782.2001,327.24756,314.21814,0.9242,4,-1,-1
364,-1,2106.0925,1419.7911,217.48145,280.7942,0.6899,4,-1,-1
365,-1,2121.346,1777.8446,310.18726,318.6139,0.885,4,-1,-1
365,-1,2104.0803,1434.7566,216.40894,256.84204,0.6539,4,-1,-1
366,-1,2123.7104,1790.9846,306.31616,303.20605,0.8868,4,-1,-1
366,-1,2102.096,1418.3878,223.80298,272.02417,0.6798,4,-1,-1
367,-1,2125.0027,1802.836,300.54272,283.12976,0.8571,4,-1,-1
367,-1,2105.8093,1424.8241,224.04224,262.51672,0.6616,4,-1,-1
368,-1,2119.7651,1793.49,313.27808,298.74365,0.838,4,-1,-1
368,-1,2105.1125,1414.9155,222.68115,278.3877,0.6707,4,-1,-1
369,-1,2111.9775,1791.108,313.90405,293.36023,0.8824,4,-1,-1
369,-1,2102.1506,1445.1028,229.55566,236.84558,0.6286,4,-1,-1
370,-1,2120.1982,1778.0991,306.84888,339.33838,0.8703,4,-1,-1
371,-1,2119.161,1780.2048,302.10547,335.7395,0.8478,4,-1,-1
372,-1,2116.9053,1774.5261,305.54736,344.65405,0.8018,4,-1,-1
372,-1,2102.9163,1409.7466,198.07886,258.05444,0.6632,4,-1,-1
373,-1,2113.9045,1779.4823,309.2495,338.02942,0.8328,4,-1,-1
374,-1,2114.695,1766.5094,320.63477,349.6339,0.8072,4,-1,-1
374,-1,2102.883,1413.2671,195.35693,254.20776,0.7231,4,-1,-1
375,-1,2109.8203,1761.7721,327.58105,361.75208,0.8072,4,-1,-1
375,-1,2100.1443,1409.0006,197.49316,262.90466,0.7568,4,-1,-1
376,-1,2107.7607,1768.5664,324.89844,354.71387,0.8187,4,-1,-1
376,-1,2098.4788,1404.1384,199.97192,273.26575,0.7356,4,-1,-1
377,-1,2103.3745,1762.5792,333.39722,363.8219,0.8097,4,-1,-1
377,-1,2098.9412,1403.8834,201.04346,274.06604,0.7643,4,-1,-1
378,-1,2099.5774,1402.2454,201.02881,283.8307,0.8171,4,-1,-1
378,-1,2113.2417,1766.0625,311.5608,358.88477,0.7893,4,-1,-1
379,-1,2105.517,1408.0062,196.7898,287.4193,0.8229,4,-1,-1
379,-1,2109.7434,1764.7013,312.46216,347.30847,0.6904,4,-1,-1
380,-1,2101.1077,1402.6045,200.68213,283.04248,0.7987,4,-1,-1
380,-1,2114.0486,1765.5682,312.2544,365.30554,0.7845,4,-1,-1
381,-1,2099.9868,1400.4474,202.5874,288.50195,0.8408,4,-1,-1
381,-1,2116.3845,1768.8798,304.8838,347.0194,0.7189,4,-1,-1
382,-1,2103.6946,1403.6039,196.65942,287.19836,0.8207,4,-1,-1
382,-1,2116.5164,1765.9413,303.12598,355.4015,0.7271,4,-1,-1
383,-1,2105.153,1406.5443,194.62183,286.1715,0.821,4,-1,-1
383,-1,2116.3274,1763.268,303.78223,359.07898,0.6288,4,-1,-1
384,-1,2103.565,1411.5535,195.61914,281.5381,0.804,4,-1,-1
384,-1,2118.1792,1762.7263,301.53735,359.33813,0.7406,4,-1,-1
385,-1,2101.6406,1405.0555,197.1128,284.68982,0.8233,4,-1,-1
385,-1,2103.3083,1762.9949,318.80054,360.81982,0.6288,4,-1,-1
386,-1,2101.4932,1421.1935,210.2832,269.68433,0.7448,4,-1,-1
386,-1,2097.0923,1767.1746,324.59595,352.82446,0.7077,4,-1,-1
387,-1,2100.3735,1422.3394,211.42236,271.19067,0.7414,4,-1,-1
387,-1,2102.2505,1773.1925,315.03906,341.67566,0.6553,4,-1,-1
388,-1,2096.289,1430.5402,209.72095,256.43445,0.7576,4,-1,-1
388,-1,2106.3513,1777.3396,310.41357,326.47754,0.7515,4,-1,-1
389,-1,2099.9485,1421.4825,210.00684,265.70288,0.768,4,-1,-1
389,-1,2107.6487,1776.585,310.98804,331.80322,0.6913,4,-1,-1
390,-1,2095.7507,1431.4742,205.05933,251.49231,0.7877,4,-1,-1
390,-1,2105.4797,1769.3617,309.61792,325.80823,0.7297,4,-1,-1
391,-1,2102.0195,1769.8628,311.11743,332.2683,0.7526,4,-1,-1
391,-1,2095.8396,1442.9862,214.9607,236.09033,0.7516,4,-1,-1
392,-1,2099.6636,1426.7986,210.20703,256.24683,0.7691,4,-1,-1
392,-1,2108.3484,1785.7095,306.9856,311.58716,0.7573,4,-1,-1
393,-1,2102.624,1410.7388,199.13037,274.90308,0.7701,4,-1,-1
393,-1,2114.7341,1768.8075,303.20483,338.77136,0.6486,4,-1,-1
394,-1,2095.843,1426.9979,209.64502,259.60925,0.7755,4,-1,-1
394,-1,2109.3635,1777.2146,306.12183,323.17578,0.6991,4,-1,-1
395,-1,2095.818,1431.5671,204.06616,250.27649,0.7848,4,-1,-1
395,-1,2106.337,1768.0352,309.34155,325.67188,0.7782,4,-1,-1
396,-1,2103.3667,1413.5616,198.0271,273.87842,0.7878,4,-1,-1
396,-1,2107.0715,1772.6781,307.48364,327.891,0.7059,4,-1,-1
397,-1,2094.7622,1428.7742,206.46875,255.0918,0.7862,4,-1,-1
397,-1,2110.5803,1774.561,301.5022,321.46558,0.7325,4,-1,-1
398,-1,2095.8665,1422.968,208.62817,260.2621,0.786,4,-1,-1
398,-1,2109.925,1774.9949,304.60205,323.11572,0.7196,4,-1,-1
399,-1,2104.1147,1414.254,199.6604,268.99927,0.7535,4,-1,-1
399,-1,2112.8535,1763.0873,308.0476,346.8463,0.6649,4,-1,-1
400,-1,2109.4087,1781.1365,307.87476,321.14526,0.7688,4,-1,-1
400,-1,2097.4028,1427.3738,207.82373,256.80884,0.7602,4,-1,-1
401,-1,2097.0825,1427.448,208.61597,257.0481,0.7522,4,-1,-1
401,-1,2108.6367,1769.8782,310.48486,339.43823,0.7086,4,-1,-1
402,-1,2097.6104,1425.3727,206.60938,259.3235,0.7477,4,-1,-1
402,-1,2116.1812,1767.6115,306.91528,354.12366,0.709,4,-1,-1
403,-1,2118.7097,1778.3984,313.39355,337.59155,0.7781,4,-1,-1
403,-1,2099.9575,1408.6442,206.33472,274.75916,0.7462,4,-1,-1
404,-1,2100.2913,1404.2952,208.70728,265.68848,0.7327,4,-1,-1
404,-1,2115.4666,1771.0695,319.65747,356.33704,0.73,4,-1,-1
405,-1,2121.0713,1775.9099,317.37573,352.04834,0.7703,4,-1,-1
405,-1,2102.6628,1403.8247,202.33643,272.2544,0.7556,4,-1,-1
406,-1,2122.106,1773.949,317.63428,354.61523,0.79,4,-1,-1
406,-1,2102.664,1427.646,211.48633,255.0039,0.7497,4,-1,-1
407,-1,2103.8782,1409.702,196.77954,274.62402,0.7917,4,-1,-1
407,-1,2121.138,1774.9956,315.22998,351.47827,0.77,4,-1,-1
408,-1,2120.2854,1772.5187,316.78882,353.95227,0.7874,4,-1,-1
408,-1,2102.6658,1404.9049,200.27637,271.06543,0.7829,4,-1,-1
409,-1,2117.961,1774.9835,315.0227,360.5592,0.847,4,-1,-1
409,-1,2102.8835,1402.6902,201.63916,278.06396,0.8183,4,-1,-1
410,-1,2132.9248,1780.0848,299.08398,382.22693,0.8543,4,-1,-1
410,-1,2095.836,1433.5515,230.97607,246.32312,0.7664,4,-1,-1
411,-1,2115.6338,1783.4545,315.14722,346.89563,0.8648,4,-1,-1
411,-1,2098.062,1408.7933,207.01807,266.71826,0.7995,4,-1,-1
412,-1,2121.0476,1777.2133,308.48438,340.36462,0.8995,4,-1,-1
412,-1,2094.4788,1436.0535,235.37329,245.0249,0.6869,4,-1,-1
413,-1,2123.4617,1775.5743,305.78027,340.19617,0.8956,4,-1,-1
413,-1,2095.7861,1433.7909,236.4668,248.81006,0.6963,4,-1,-1
414,-1,2127.2332,1776.3083,302.77026,344.78003,0.8434,4,-1,-1
414,-1,2096.0044,1414.0969,207.08398,260.083,0.7727,4,-1,-1
415,-1,2126.3152,1773.6772,302.69922,347.59155,0.8757,4,-1,-1
415,-1,2096.959,1430.9088,233.21338,249.38318,0.6696,4,-1,-1
416,-1,2115.0503,1768.948,312.4038,336.94458,0.8514,4,-1,-1
416,-1,2103.283,1441.1254,230.93457,244.63733,0.6519,4,-1,-1
417,-1,2116.021,1771.469,306.20264,328.886,0.8539,4,-1,-1
417,-1,2102.3945,1439.9706,228.69287,241.95056,0.634,4,-1,-1
418,-1,2126.9004,1768.6858,311.38013,345.97485,0.8492,4,-1,-1
419,-1,2126.3518,1769.0531,312.97656,355.24988,0.821,4,-1,-1
420,-1,2116.968,1775.3622,326.43433,342.0863,0.867,4,-1,-1
421,-1,2117.2803,1764.9702,309.8098,351.33813,0.871,4,-1,-1
422,-1,2123.453,1773.5314,315.51782,345.9093,0.8949,4,-1,-1
422,-1,2105.4072,1431.1738,216.92065,251.89331,0.616,4,-1,-1
423,-1,2119.4685,1775.5404,315.45508,346.8744,0.8747,4,-1,-1
423,-1,2103.7888,1392.0972,210.93384,294.2838,0.7884,4,-1,-1
424,-1,2128.4758,1778.1273,307.66553,337.84875,0.8277,4,-1,-1
424,-1,2105.6987,1440.8472,223.70923,245.9845,0.6301,4,-1,-1
425,-1,2129.5364,1785.0402,308.41162,335.22205,0.8276,4,-1,-1
425,-1,2105.3916,1448.3552,218.18433,238.89185,0.6328,4,-1,-1
426,-1,2129.2595,1786.5176,305.29077,306.92993,0.8578,4,-1,-1
426,-1,2102.9395,1458.7007,221.88208,240.48926,0.704,4,-1,-1
427,-1,2124.5605,1792.4974,297.53882,288.8927,0.8908,4,-1,-1
427,-1,2103.041,1462.5085,229.05151,235.43054,0.6881,4,-1,-1
428,-1,2118.3157,1789.9204,302.60107,298.19287,0.8708,4,-1,-1
428,-1,2091.3586,1456.42,242.8999,238.32336,0.6582,4,-1,-1
429,-1,2113.4216,1781.6228,301.95703,297.07837,0.8561,4,-1,-1
429,-1,2092.7144,1456.2295,241.90552,239.05322,0.6356,4,-1,-1
430,-1,2119.7961,1780.5443,311.01294,307.8009,0.8954,4,-1,-1
430,-1,2093.3193,1452.4514,236.0393,238.84912,0.6162,4,-1,-1
431,-1,2119.2285,1786.499,304.69775,313.41162,0.8769,4,-1,-1
431,-1,2096.829,1435.7485,226.77979,257.10693,0.7263,4,-1,-1
432,-1,2120.5977,1788.5332,301.91113,311.23218,0.8856,4,-1,-1
432,-1,2104.8118,1408.6603,189.07861,261.06824,0.6885,4,-1,-1
433,-1,2119.792,1790.6044,302.77075,311.93762,0.8763,4,-1,-1
433,-1,2099.0781,1423.7517,225.41333,271.78687,0.6239,4,-1,-1
434,-1,2106.571,1399.613,186.56348,272.17322,0.7931,4,-1,-1
434,-1,2119.3645,1786.3972,306.104,323.61987,0.791,4,-1,-1
435,-1,2133.0718,1783.2427,292.83203,356.6875,0.8061,4,-1,-1
435,-1,2103.9324,1402.4531,184.37793,273.8263,0.8057,4,-1,-1
436,-1,2130.4612,1786.8187,293.5,345.3612,0.8219,4,-1,-1
436,-1,2101.0435,1422.3082,209.55786,277.6494,0.6729,4,-1,-1
437,-1,2102.461,1786.5394,298.51123,308.8495,0.7178,4,-1,-1
438,-1,2098.1992,1784.1473,319.08447,311.776,0.8166,4,-1,-1
438,-1,2093.648,1438.8057,219.2649,251.97607,0.7467,4,-1,-1
439,-1,2099.0488,1793.1101,306.03662,304.28613,0.7962,4,-1,-1
439,-1,2089.7825,1428.0837,217.72974,261.22864,0.7219,4,-1,-1
440,-1,2121.1548,1787.0892,280.4756,343.97815,0.8006,4,-1,-1
440,-1,2093.8276,1446.4602,218.27417,245.51697,0.7645,4,-1,-1
441,-1,2121.0889,1801.734,282.90503,321.2948,0.8037,4,-1,-1
441,-1,2091.144,1456.6451,225.34473,236.4701,0.7579,4,-1,-1
442,-1,2114.6462,1805.8441,294.1211,311.93518,0.801,4,-1,-1
442,-1,2088.9531,1467.1405,229.39429,229.24463,0.7648,4,-1,-1
443,-1,2100.877,1794.4213,304.8789,306.8236,0.7918,4,-1,-1
443,-1,2084.6973,1457.7913,229.29614,241.50537,0.7821,4,-1,-1
444,-1,2118.8489,1793.4825,299.3169,316.92175,0.7935,4,-1,-1
444,-1,2090.0327,1453.5526,220.2627,244.12927,0.7574,4,-1,-1
445,-1,2087.167,1445.8025,226.10107,253.74023,0.776,4,-1,-1
445,-1,2112.7542,1796.4037,297.64307,319.71545,0.7678,4,-1,-1
446,-1,2089.915,1434.9259,219.12476,256.71326,0.7663,4,-1,-1
446,-1,2108.6375,1789.5067,309.20898,344.7345,0.6325,4,-1,-1
447,-1,2107.9597,1808.3323,313.08154,318.87988,0.6986,4,-1,-1
447,-1,2087.1738,1430.4274,222.11426,269.1449,0.6631,4,-1,-1
448,-1,2111.6533,1809.838,300.55078,318.66052,0.8136,4,-1,-1
448,-1,2082.9756,1472.6384,227.94458,223.23315,0.6553,4,-1,-1
449,-1,2091.5178,1467.8256,216.83691,238.42896,0.8039,4,-1,-1
449,-1,2123.9646,1794.0013,280.76123,326.42908,0.7859,4,-1,-1
450,-1,2094.88,1437.3563,205.79541,274.64636,0.8489,4,-1,-1
450,-1,2120.8027,1813.1772,272.46313,295.97192,0.7155,4,-1,-1
451,-1,2090.592,1442.345,215.13623,275.8767,0.8208,4,-1,-1
451,-1,2113.4404,1821.3639,292.35278,289.71936,0.8004,4,-1,-1
452,-1,2110.4045,1823.6069,312.74878,296.60107,0.7877,4,-1,-1
452,-1,2095.6782,1453.9153,211.03955,261.53992,0.7542,4,-1,-1
453,-1,2129.5908,1817.2356,301.5437,317.94214,0.7739,4,-1,-1
453,-1,2097.7534,1439.6204,216.63013,274.1621,0.7449,4,-1,-1
454,-1,2131.2388,1824.1877,280.54297,301.0608,0.8967,4,-1,-1
454,-1,2093.1692,1444.0154,224.5708,270.47742,0.8562,4,-1,-1
455,-1,2140.6128,1816.991,281.17603,299.48462,0.9086,4,-1,-1
455,-1,2098.0403,1461.8198,231.16187,252.06104,0.6664,4,-1,-1
456,-1,2124.3955,1823.1313,307.56372,293.0127,0.8527,4,-1,-1
457,-1,2124.6936,1822.4431,307.5896,294.69678,0.8496,4,-1,-1
457,-1,2102.4087,1472.9619,214.83032,245.6399,0.6125,4,-1,-1
458,-1,2128.391,1827.0414,305.53638,293.01306,0.8254,4,-1,-1
459,-1,2130.7676,1832.0743,301.91235,289.21106,0.8393,4,-1,-1
460,-1,2135.2522,1828.7441,305.57104,300.89038,0.9085,4,-1,-1
460,-1,2106.5742,1479.9783,211.55371,234.39868,0.6129,4,-1,-1
461,-1,2128.6267,1838.026,304.91235,278.24695,0.8981,4,-1,-1
462,-1,2134.1963,1833.2601,299.4724,284.63538,0.9337,4,-1,-1
462,-1,2105.2847,1473.1475,210.79712,242.1543,0.6876,4,-1,-1
463,-1,2132.0662,1831.3182,310.91772,292.83997,0.9521,4,-1,-1
464,-1,2134.1328,1831.3733,310.04272,290.58838,0.9363,4,-1,-1
465,-1,2127.5852,1829.9746,318.7068,291.85864,0.9381,4,-1,-1
465,-1,2107.5532,1452.8959,212.66284,272.05066,0.6344,4,-1,-1
466,-1,2130.8484,1823.474,309.72778,300.54602,0.9072,4,-1,-1
467,-1,2134.3618,1832.3539,310.5244,287.84363,0.9206,4,-1,-1
468,-1,2128.43,1827.1534,294.04614,289.58167,0.8528,4,-1,-1
469,-1,2132.1396,1827.7742,284.27295,282.46313,0.8571,4,-1,-1
470,-1,2133.1348,1827.0593,284.00415,277.18823,0.8395,4,-1,-1
471,-1,2131.5796,1828.7041,292.34497,296.22046,0.8541,4,-1,-1
471,-1,2106.5251,1470.568,206.46045,246.71667,0.6216,4,-1,-1
472,-1,2142.2217,1828.6813,293.12305,298.3988,0.8856,4,-1,-1
472,-1,2105.2986,1456.926,207.4082,265.77478,0.6134,4,-1,-1
473,-1,2128.9526,1812.901,297.10522,314.87805,0.7933,4,-1,-1
474,-1,2140.0469,1819.6622,308.36157,303.08167,0.876,4,-1,-1
474,-1,2105.4668,1454.3495,211.13574,266.02234,0.6407,4,-1,-1
475,-1,2140.356,1819.9529,303.81396,304.88354,0.8789,4,-1,-1
476,-1,2146.5757,1826.0912,291.74365,298.10315,0.8837,4,-1,-1
476,-1,2103.6287,1462.4753,206.70361,253.6101,0.6293,4,-1,-1
477,-1,2135.9575,1821.7244,312.59937,304.91724,0.8904,4,-1,-1
477,-1,2103.8276,1458.9274,208.7273,262.271,0.6248,4,-1,-1
478,-1,2131.3503,1823.4324,306.0703,302.46924,0.8834,4,-1,-1
478,-1,2103.0166,1446.0768,209.70532,281.03748,0.6634,4,-1,-1
479,-1,2129.5857,1813.263,319.09106,313.58667,0.8635,4,-1,-1
479,-1,2105.087,1436.1632,216.54712,288.29614,0.6615,4,-1,-1
480,-1,2135.3887,1814.5498,305.29956,303.6267,0.8705,4,-1,-1
480,-1,2106.5378,1431.5925,220.23584,299.3534,0.7237,4,-1,-1
481,-1,2139.445,1819.2385,306.0337,305.4126,0.9259,4,-1,-1
481,-1,2100.73,1434.192,223.74072,299.71936,0.7379,4,-1,-1
482,-1,2131.595,1816.9421,306.3579,315.45288,0.9364,4,-1,-1
482,-1,2104.393,1429.8597,221.0813,297.646,0.8105,4,-1,-1
483,-1,2131.0942,1817.6128,310.98022,315.6377,0.9279,4,-1,-1
483,-1,2105.3926,1425.1086,220.63477,302.04175,0.8325,4,-1,-1
484,-1,2130.4045,1821.0522,316.37476,306.8142,0.9175,4,-1,-1
484,-1,2103.986,1428.3816,222.60547,304.77673,0.829,4,-1,-1
485,-1,2128.433,1819.9153,281.0376,289.52515,0.8976,4,-1,-1
485,-1,2100.9326,1459.3729,229.18799,263.73438,0.7538,4,-1,-1
486,-1,2128.5298,1818.7002,316.43457,308.51123,0.914,4,-1,-1
486,-1,2104.5725,1428.4514,222.91797,303.42786,0.8012,4,-1,-1
487,-1,2130.269,1821.8818,305.56787,298.5774,0.887,4,-1,-1
487,-1,2104.642,1433.8691,218.35303,292.1361,0.8027,4,-1,-1
488,-1,2121.7402,1818.7125,325.9619,308.26038,0.9054,4,-1,-1
488,-1,2103.5554,1429.3765,221.44263,296.8274,0.7716,4,-1,-1
489,-1,2121.3389,1817.9923,320.75977,311.92517,0.9282,4,-1,-1
489,-1,2105.8645,1428.6698,218.24438,298.27734,0.7319,4,-1,-1
490,-1,2146.415,1818.7618,294.91968,318.65613,0.9055,4,-1,-1
490,-1,2099.668,1442.5582,219.27954,283.93384,0.6658,4,-1,-1
491,-1,2132.1182,1813.0664,314.16772,313.2517,0.8508,4,-1,-1
491,-1,2107.5222,1451.0641,210.45215,267.17944,0.6243,4,-1,-1
492,-1,2137.2075,1819.391,301.57495,308.4713,0.8464,4,-1,-1
493,-1,2152.0178,1825.5609,274.71338,309.49597,0.8575,4,-1,-1
494,-1,2151.9019,1818.6868,277.2766,302.08716,0.8792,4,-1,-1
494,-1,2115.2593,1446.8632,207.50732,274.83557,0.7138,4,-1,-1
495,-1,2152.6914,1819.4891,282.8103,301.02747,0.8963,4,-1,-1
495,-1,2116.3577,1440.5267,204.34521,281.86487,0.793,4,-1,-1
496,-1,2148.2766,1825.0614,290.19946,307.21545,0.9344,4,-1,-1
496,-1,2115.373,1442.1185,205.41382,278.53638,0.7982,4,-1,-1
497,-1,2125.7673,1827.9307,323.3352,292.38525,0.9221,4,-1,-1
497,-1,2100.0457,1457.305,212.16602,256.62195,0.7877,4,-1,-1
498,-1,2126.1467,1828.0518,323.1084,291.01245,0.9194,4,-1,-1
498,-1,2103.2012,1455.0806,215.75415,260.96924,0.7788,4,-1,-1
499,-1,2132.4668,1831.9056,299.85352,300.3092,0.9565,4,-1,-1
499,-1,2101.7798,1474.3267,220.229,248.43042,0.8303,4,-1,-1
500,-1,2129.215,1825.4293,293.77612,296.24646,0.8937,4,-1,-1
500,-1,2103.777,1471.4495,216.83813,251.41309,0.8121,4,-1,-1
501,-1,2127.7603,1823.2438,298.68164,297.01746,0.8254,4,-1,-1
501,-1,2103.0447,1463.1578,222.0188,262.84863,0.7215,4,-1,-1
502,-1,2125.728,1825.2345,308.56323,304.50916,0.7999,4,-1,-1
502,-1,2101.5537,1460.9032,222.76709,263.90247,0.7005,4,-1,-1
503,-1,2142.745,1821.2759,305.00903,307.7234,0.8557,4,-1,-1
503,-1,2103.1824,1441.3715,221.51807,296.96777,0.7296,4,-1,-1
504,-1,2134.2383,1826.2163,305.65894,296.3628,0.9049,4,-1,-1
504,-1,2105.552,1443.4102,219.0393,289.8246,0.7294,4,-1,-1
505,-1,2137.1301,1829.6981,292.81372,284.5785,0.9091,4,-1,-1
505,-1,2104.0789,1442.9121,224.03955,295.23547,0.6937,4,-1,-1
506,-1,2141.5874,1830.7106,285.77783,283.55945,0.9138,4,-1,-1
506,-1,2103.134,1444.0938,225.61963,294.57288,0.7174,4,-1,-1
507,-1,2140.7427,1826.5424,290.781,289.75256,0.8974,4,-1,-1
507,-1,2107.4707,1440.4513,219.60962,296.0166,0.6709,4,-1,-1
508,-1,2146.507,1817.8333,285.08643,306.47534,0.9005,4,-1,-1
508,-1,2110.1282,1443.7119,208.10645,292.60986,0.766,4,-1,-1
509,-1,2150.308,1818.1887,284.6714,302.35522,0.9192,4,-1,-1
509,-1,2111.5593,1445.4374,206.41406,291.9447,0.7758,4,-1,-1
510,-1,2152.9448,1816.1879,284.9165,303.71716,0.9168,4,-1,-1
510,-1,2116.4531,1442.339,206.59326,294.7057,0.7635,4,-1,-1
511,-1,2152.7634,1815.1511,281.94775,307.4104,0.9228,4,-1,-1
511,-1,2113.8389,1441.5333,207.0503,294.25476,0.7662,4,-1,-1
512,-1,2149.8582,1823.4352,282.1477,295.72327,0.9353,4,-1,-1
512,-1,2117.9065,1437.8884,205.63599,297.95837,0.7454,4,-1,-1
513,-1,2149.5977,1821.8789,280.54272,296.48486,0.9307,4,-1,-1
513,-1,2112.0603,1442.1304,208.33887,294.18896,0.7989,4,-1,-1
514,-1,2150.0688,1817.4281,294.312,297.839,0.9,4,-1,-1
514,-1,2115.847,1442.3007,203.88647,292.12988,0.7898,4,-1,-1
515,-1,2147.8267,1818.1837,292.11548,299.34973,0.9083,4,-1,-1
515,-1,2115.6545,1443.8208,202.84448,288.36182,0.7781,4,-1,-1
516,-1,2150.6196,1820.5876,284.40283,297.9839,0.9262,4,-1,-1
516,-1,2114.1084,1442.659,205.11914,289.76587,0.7838,4,-1,-1
517,-1,2151.405,1818.6558,283.59204,299.5537,0.9192,4,-1,-1
517,-1,2113.4302,1441.0966,204.51172,295.22754,0.8089,4,-1,-1
518,-1,2145.1584,1824.2734,293.21216,284.65454,0.9247,4,-1,-1
518,-1,2116.3198,1438.2366,207.92944,298.52087,0.782,4,-1,-1
519,-1,2151.1367,1815.4952,287.09644,301.339,0.9129,4,-1,-1
519,-1,2110.8645,1443.7042,210.68457,294.6985,0.7315,4,-1,-1
520,-1,2148.2104,1815.8757,287.67944,305.8933,0.907,4,-1,-1
520,-1,2109.1406,1442.7434,212.10498,291.3225,0.7153,4,-1,-1
521,-1,2152.6057,1818.9192,285.1902,296.82617,0.9142,4,-1,-1
521,-1,2113.3728,1441.3497,209.302,294.9027,0.7723,4,-1,-1
522,-1,2147.029,1816.0151,286.40063,305.77368,0.9183,4,-1,-1
522,-1,2108.4775,1439.7876,215.07983,295.6206,0.7201,4,-1,-1
523,-1,2152.0474,1816.0613,281.98242,303.68384,0.921,4,-1,-1
523,-1,2112.8784,1442.8013,207.07666,291.89893,0.7402,4,-1,-1
524,-1,2148.117,1820.8828,284.39502,296.81006,0.9341,4,-1,-1
524,-1,2113.7424,1446.8953,204.73047,284.93848,0.7346,4,-1,-1
525,-1,2150.7249,1819.9631,293.28442,297.13916,0.9108,4,-1,-1
525,-1,2117.207,1448.1361,205.0415,283.10925,0.6943,4,-1,-1
526,-1,2148.8782,1815.931,291.54126,300.04822,0.9107,4,-1,-1
526,-1,2112.2727,1448.6014,211.1643,278.67114,0.6978,4,-1,-1
527,-1,2149.8728,1822.2017,280.7539,294.7212,0.925,4,-1,-1
527,-1,2115.813,1447.9847,208.51709,280.3595,0.7149,4,-1,-1
528,-1,2130.2544,1821.1179,306.2627,289.9729,0.8768,4,-1,-1
529,-1,2147.706,1821.0413,285.0122,289.8369,0.9098,4,-1,-1
529,-1,2110.2275,1439.8494,216.72046,290.82483,0.7626,4,-1,-1
530,-1,2148.3557,1828.671,275.9253,286.61365,0.9355,4,-1,-1
530,-1,2113.8867,1443.3472,208.33252,287.0797,0.7511,4,-1,-1
531,-1,2151.3271,1830.6582,275.7798,287.9856,0.9497,4,-1,-1
531,-1,2115.713,1443.9432,201.77734,287.51123,0.7642,4,-1,-1
532,-1,2144.3613,1816.6595,288.50903,311.63245,0.9067,4,-1,-1
532,-1,2105.5588,1449.8679,212.3125,287.57996,0.745,4,-1,-1
533,-1,2136.721,1815.191,302.71802,307.74402,0.9042,4,-1,-1
533,-1,2104.5862,1447.7958,215.3523,290.42554,0.7539,4,-1,-1
534,-1,2136.4126,1823.5281,306.61157,293.34912,0.9217,4,-1,-1
534,-1,2100.0486,1447.9054,223.3899,289.85754,0.795,4,-1,-1
535,-1,2144.2454,1826.5437,282.6797,286.38672,0.8877,4,-1,-1
535,-1,2101.1226,1467.9564,223.26978,260.83838,0.8319,4,-1,-1
536,-1,2125.4758,1825.4432,306.71387,296.54944,0.8069,4,-1,-1
536,-1,2101.9617,1474.4628,218.6792,244.55676,0.7772,4,-1,-1
537,-1,2140.1648,1820.4456,277.406,291.8191,0.9177,4,-1,-1
537,-1,2095.936,1449.9559,213.10156,264.22864,0.7858,4,-1,-1
538,-1,2133.5774,1823.3336,282.13208,295.22058,0.9305,4,-1,-1
538,-1,2094.73,1442.4025,217.74756,276.4126,0.734,4,-1,-1
539,-1,2120.5513,1817.3472,301.01416,304.15283,0.8413,4,-1,-1
539,-1,2098.5037,1447.1116,211.19263,274.26465,0.6966,4,-1,-1
540,-1,2123.8196,1825.0574,294.99048,302.83716,0.8362,4,-1,-1
540,-1,2097.122,1444.5369,210.43872,274.83948,0.744,4,-1,-1
541,-1,2134.4314,1832.1382,291.07446,294.76196,0.8255,4,-1,-1
541,-1,2099.1262,1454.1373,205.15747,267.9303,0.6978,4,-1,-1
542,-1,2123.5493,1825.392,307.92383,297.22327,0.8295,4,-1,-1
542,-1,2097.8706,1451.026,209.66235,268.69543,0.7064,4,-1,-1
543,-1,2128.3862,1835.4967,293.2754,295.09973,0.8785,4,-1,-1
543,-1,2097.0972,1457.0648,208.54663,263.48328,0.6386,4,-1,-1
544,-1,2118.7642,1820.9019,309.2544,300.54492,0.8401,4,-1,-1
544,-1,2096.9592,1451.094,210.80615,269.9845,0.6662,4,-1,-1
545,-1,2122.901,1821.9371,300.9463,300.50256,0.807,4,-1,-1
545,-1,2098.2979,1448.0684,210.11304,272.6853,0.6975,4,-1,-1
546,-1,2116.789,1820.6268,314.65356,300.76086,0.8171,4,-1,-1
546,-1,2097.8008,1455.382,211.823,266.63123,0.6719,4,-1,-1
547,-1,2120.6323,1817.4261,301.27905,306.42053,0.8594,4,-1,-1
547,-1,2098.476,1444.8545,209.7168,273.72168,0.6924,4,-1,-1
548,-1,2124.6917,1831.9911,298.86328,290.07727,0.8762,4,-1,-1
548,-1,2093.782,1461.5806,209.66968,257.9441,0.606,4,-1,-1
549,-1,2121.167,1818.6725,302.16284,305.01965,0.8593,4,-1,-1
549,-1,2100.9482,1448.3079,207.29199,273.31213,0.7339,4,-1,-1
550,-1,2119.58,1820.4297,303.96387,304.94604,0.832,4,-1,-1
550,-1,2099.3616,1452.7129,209.63916,268.84045,0.6623,4,-1,-1
551,-1,2122.0684,1822.5349,308.0171,304.31665,0.8248,4,-1,-1
551,-1,2099.0151,1455.4313,210.36035,268.0797,0.6629,4,-1,-1
552,-1,2131.5515,1809.3732,282.70898,317.62976,0.8339,4,-1,-1
552,-1,2096.5579,1433.9176,214.6814,288.27307,0.73,4,-1,-1
553,-1,2131.0457,1809.0024,283.6565,320.21924,0.8042,4,-1,-1
553,-1,2095.323,1431.3657,217.7102,291.12024,0.7534,4,-1,-1
554,-1,2130.6277,1816.4631,301.448,327.11548,0.8417,4,-1,-1
554,-1,2096.9492,1444.303,205.71924,280.5708,0.7133,4,-1,-1
555,-1,2127.2266,1811.4818,312.76807,329.49304,0.8109,4,-1,-1
555,-1,2099.2622,1452.342,208.60889,271.6809,0.7178,4,-1,-1
556,-1,2123.4858,1813.5507,299.24976,309.99133,0.807,4,-1,-1
556,-1,2096.823,1438.6094,214.76392,280.0177,0.7118,4,-1,-1
557,-1,2125.443,1815.5292,294.865,312.9159,0.8152,4,-1,-1
557,-1,2100.343,1446.6226,207.573,270.31946,0.7356,4,-1,-1
558,-1,2124.7195,1817.7533,294.78394,310.20227,0.8181,4,-1,-1
558,-1,2099.0664,1446.5204,208.21411,268.84314,0.7637,4,-1,-1
559,-1,2128.0671,1819.1475,294.34204,311.45654,0.802,4,-1,-1
559,-1,2098.733,1447.9286,207.95093,266.0078,0.7537,4,-1,-1
560,-1,2130.2705,1826.7649,281.94995,298.82495,0.8383,4,-1,-1
560,-1,2098.964,1448.8718,210.37622,266.08032,0.754,4,-1,-1
561,-1,2098.4893,1453.8638,216.70728,259.28857,0.843,4,-1,-1
561,-1,2137.165,1818.0835,277.40723,296.9602,0.8282,4,-1,-1
562,-1,2126.3804,1831.7225,287.9485,289.36218,0.8575,4,-1,-1
562,-1,2100.5747,1439.6183,207.34229,276.54358,0.8506,4,-1,-1
563,-1,2132.5378,1821.9801,286.7837,290.25378,0.9144,4,-1,-1
563,-1,2094.8884,1477.969,225.29956,237.28784,0.6402,4,-1,-1
564,-1,2126.0823,1827.158,283.2378,283.10107,0.9145,4,-1,-1
564,-1,2096.3542,1473.8013,223.42993,243.73987,0.622,4,-1,-1
565,-1,2128.5989,1825.1759,283.32227,285.09314,0.9393,4,-1,-1
565,-1,2101.3345,1460.6346,218.47852,263.5321,0.6363,4,-1,-1
566,-1,2137.481,1826.3822,301.6504,303.55432,0.9369,4,-1,-1
566,-1,2103.3716,1443.7399,217.16187,290.71924,0.7717,4,-1,-1
567,-1,2128.7654,1827.1438,312.82178,295.54126,0.9158,4,-1,-1
567,-1,2104.2375,1440.8098,218.19873,293.07837,0.8024,4,-1,-1
568,-1,2152.7043,1821.2078,278.21533,292.79053,0.8986,4,-1,-1
568,-1,2116.5984,1449.8917,206.32715,289.08752,0.6652,4,-1,-1
569,-1,2148.076,1810.3495,278.26685,303.08606,0.9165,4,-1,-1
569,-1,2113.3613,1425.3208,215.19775,304.5985,0.7579,4,-1,-1
570,-1,2144.4983,1821.7205,281.89087,292.11084,0.9212,4,-1,-1
570,-1,2117.9092,1448.508,208.94019,293.9425,0.611,4,-1,-1
571,-1,2145.6687,1820.2809,301.9829,320.21375,0.8279,4,-1,-1
571,-1,2115.813,1426.1112,226.29565,311.63892,0.6755,4,-1,-1
571,-1,3445.8877,1610.8767,382.94897,337.01868,0.6441,4,-1,-1
572,-1,2158.788,1827.0708,287.11963,292.90088,0.9051,4,-1,-1
573,-1,2167.1462,1828.2317,278.48535,283.48145,0.9027,4,-1,-1
573,-1,3429.9897,1566.8646,387.5415,303.0619,0.7782,4,-1,-1
574,-1,2159.0076,1839.1638,283.75122,270.82104,0.9425,4,-1,-1
574,-1,3412.189,1558.1757,382.4253,264.1864,0.8196,4,-1,-1
575,-1,2165.3892,1828.4818,275.25513,275.50403,0.9354,4,-1,-1
575,-1,3344.2976,1501.0157,411.89673,276.0078,0.911,4,-1,-1
576,-1,2167.944,1836.6211,272.8706,272.54272,0.9523,4,-1,-1
576,-1,3334.6206,1531.9858,362.01733,216.0387,0.7276,4,-1,-1
577,-1,2151.8958,1824.7034,296.37036,300.68872,0.9639,4,-1,-1
577,-1,3303.838,1450.1024,323.40356,251.2085,0.6873,4,-1,-1
578,-1,2154.3826,1823.5255,307.62012,304.5775,0.9604,4,-1,-1
578,-1,3273.787,1447.1884,348.73804,220.6499,0.746,4,-1,-1
579,-1,2153.1604,1822.5944,311.2207,304.41882,0.9511,4,-1,-1
579,-1,3259.7935,1402.8997,324.43506,237.34314,0.694,4,-1,-1
580,-1,2158.5657,1824.3983,309.89966,295.16663,0.9467,4,-1,-1
580,-1,3208.1282,1391.602,328.55835,219.50146,0.6322,4,-1,-1
580,-1,2125.637,1446.0825,210.56274,285.37134,0.6099,4,-1,-1
581,-1,2163.2239,1824.0386,295.958,302.2583,0.9407,4,-1,-1
581,-1,3181.279,1368.7351,315.92993,204.75574,0.8715,4,-1,-1
582,-1,2157.204,1821.3933,313.48315,301.22314,0.9361,4,-1,-1
582,-1,3175.937,1367.0983,302.90527,181.23328,0.7598,4,-1,-1
582,-1,2125.0466,1439.3699,212.43506,292.7434,0.6074,4,-1,-1
583,-1,2158.8906,1823.5361,311.5078,299.08032,0.944,4,-1,-1
583,-1,2125.5496,1439.594,210.27026,293.57117,0.6368,4,-1,-1
584,-1,2156.833,1827.3461,313.8169,300.6454,0.9196,4,-1,-1
584,-1,2124.5452,1432.9023,210.73853,298.74927,0.7308,4,-1,-1
585,-1,2155.5781,1827.9633,311.04736,302.3551,0.9202,4,-1,-1
585,-1,2127.2979,1431.4236,206.58887,301.2296,0.683,4,-1,-1
586,-1,2153.2817,1817.3271,301.9043,314.31274,0.9205,4,-1,-1
586,-1,2123.5884,1438.5839,206.59521,291.27673,0.6952,4,-1,-1
587,-1,2146.5022,1822.8147,308.2224,296.5962,0.8993,4,-1,-1
587,-1,2121.0479,1444.8234,204.9375,280.78833,0.6962,4,-1,-1
588,-1,2153.964,1822.9934,292.4912,284.8208,0.9376,4,-1,-1
588,-1,2117.4956,1448.5858,207.89893,277.23914,0.7116,4,-1,-1
589,-1,2154.8618,1832.256,288.56445,285.43372,0.9485,4,-1,-1
589,-1,2113.398,1480.6415,218.19922,249.48999,0.6601,4,-1,-1
590,-1,2152.3604,1833.1002,297.6687,294.74597,0.96,4,-1,-1
590,-1,2115.1301,1466.7802,215.38794,260.40784,0.6558,4,-1,-1
591,-1,2145.445,1827.7551,312.35474,297.2439,0.9509,4,-1,-1
592,-1,2150.1458,1830.05,302.30713,296.20288,0.9618,4,-1,-1
593,-1,2142.105,1830.2943,294.12354,299.10413,0.9519,4,-1,-1
593,-1,2112.9287,1451.5543,214.12012,270.86243,0.6384,4,-1,-1
594,-1,2147.674,1824.7555,282.9131,277.2162,0.9285,4,-1,-1
594,-1,2115.6272,1452.8973,209.07983,273.54736,0.7132,4,-1,-1
595,-1,2150.3179,1828.7992,284.7798,288.77332,0.8922,4,-1,-1
595,-1,2111.5962,1456.2402,210.25342,270.74182,0.7063,4,-1,-1
596,-1,2144.5732,1832.3423,284.4358,287.2068,0.9036,4,-1,-1
596,-1,2108.9973,1450.8923,208.97852,276.52393,0.7185,4,-1,-1
597,-1,2130.207,1824.0063,318.30518,294.54614,0.9337,4,-1,-1
597,-1,2103.2566,1464.4396,213.42407,264.2881,0.6488,4,-1,-1
598,-1,2138.9663,1831.6315,303.9702,289.86047,0.9388,4,-1,-1
599,-1,2138.913,1829.5275,293.08765,296.39978,0.9424,4,-1,-1
600,-1,2140.003,1831.6486,291.37915,294.20056,0.9331,4,-1,-1
601,-1,2123.7678,1816.9661,299.5691,294.03882,0.8931,4,-1,-1
602,-1,2126.534,1812.2028,297.54053,300.16272,0.8654,4,-1,-1
603,-1,2124.3772,1817.6241,297.1687,295.55432,0.8785,4,-1,-1
604,-1,2131.4316,1819.6066,289.01514,288.91785,0.899,4,-1,-1
605,-1,2130.8152,1819.891,287.87085,287.83777,0.9099,4,-1,-1
606,-1,2130.3228,1818.4657,290.98804,287.6422,0.8853,4,-1,-1
607,-1,2132.161,1822.4712,282.0857,282.85913,0.9089,4,-1,-1
608,-1,2128.1313,1826.022,296.29077,294.54736,0.8831,4,-1,-1
609,-1,2128.5676,1825.24,298.2417,293.94336,0.8945,4,-1,-1
610,-1,2124.109,1821.056,300.38818,297.14783,0.8693,4,-1,-1
611,-1,2125.5522,1820.3525,297.95166,292.81128,0.8607,4,-1,-1
612,-1,2126.1003,1821.4631,300.09692,294.28442,0.8507,4,-1,-1
613,-1,2128.0354,1823.1768,300.3838,298.89673,0.8574,4,-1,-1
614,-1,2131.5757,1811.5994,291.60742,304.4944,0.8863,4,-1,-1
615,-1,2130.8406,1814.7545,290.32227,298.05115,0.8769,4,-1,-1
616,-1,2132.9155,1822.4819,295.0122,297.6819,0.8714,4,-1,-1
616,-1,2093.272,1442.6406,221.61694,281.7279,0.7198,4,-1,-1
617,-1,2133.1729,1827.1948,288.11743,301.93604,0.851,4,-1,-1
617,-1,2098.2148,1446.6919,209.0122,274.71643,0.7601,4,-1,-1
618,-1,2133.6406,1828.5302,286.18506,300.34363,0.8453,4,-1,-1
618,-1,2095.6587,1442.0421,210.83618,279.01294,0.8137,4,-1,-1
619,-1,2092.7964,1442.0923,213.95166,286.36096,0.8523,4,-1,-1
619,-1,2124.8506,1827.881,301.88574,299.47888,0.8087,4,-1,-1
620,-1,2092.208,1444.5573,211.5227,279.69946,0.8228,4,-1,-1
620,-1,2125.0627,1822.0929,304.19092,292.63342,0.8035,4,-1,-1
621,-1,2124.8418,1839.0009,307.88745,280.3661,0.8682,4,-1,-1
621,-1,2095.913,1454.7827,202.97803,266.44507,0.8367,4,-1,-1
622,-1,2095.6167,1449.7788,204.146,273.71252,0.8404,4,-1,-1
622,-1,2130.3875,1834.7377,292.6167,289.78333,0.8271,4,-1,-1
623,-1,2132.8186,1831.65,289.99707,299.0475,0.836,4,-1,-1
623,-1,2093.8447,1456.4222,207.90918,272.04602,0.8219,4,-1,-1
624,-1,2128.125,1839.2699,304.82544,289.00476,0.9055,4,-1,-1
624,-1,2096.4143,1449.9822,209.698,286.51697,0.7967,4,-1,-1
625,-1,2129.36,1832.4961,313.95142,298.2173,0.8701,4,-1,-1
625,-1,2095.2932,1445.8616,212.0603,296.4536,0.7281,4,-1,-1
626,-1,2130.6401,1828.854,315.2644,307.6643,0.8408,4,-1,-1
626,-1,2090.6038,1448.7753,213.58179,296.141,0.7514,4,-1,-1
627,-1,2100.8062,1448.6318,199.40503,289.47473,0.7631,4,-1,-1
627,-1,2127.8513,1821.9164,303.38916,315.84534,0.758,4,-1,-1
628,-1,2099.3694,1449.0327,202.49878,290.74817,0.7462,4,-1,-1
628,-1,2127.9126,1825.553,306.40356,308.00415,0.7269,4,-1,-1
629,-1,2122.13,1824.8164,310.98438,296.4226,0.8071,4,-1,-1
629,-1,2098.8735,1452.9092,199.13867,284.51807,0.7472,4,-1,-1
630,-1,2126.682,1828.3271,292.66748,300.1272,0.7725,4,-1,-1
630,-1,2101.9458,1447.0809,193.25537,289.25916,0.7472,4,-1,-1
631,-1,2128.4927,1830.426,293.22363,298.98682,0.8108,4,-1,-1
631,-1,2103.4146,1443.8752,194.73291,292.7389,0.6965,4,-1,-1
632,-1,2124.0361,1830.4989,306.21533,302.28406,0.7653,4,-1,-1
632,-1,2103.3936,1450.9954,195.27075,283.18384,0.7483,4,-1,-1
632,-1,3456.4648,1530.3281,378.4414,292.75635,0.6479,4,-1,-1
633,-1,2127.2012,1828.8243,308.6377,308.6422,0.7849,4,-1,-1
633,-1,2103.9019,1451.3881,196.29224,281.5487,0.7253,4,-1,-1
634,-1,2125.9988,1830.4229,306.59253,309.45337,0.775,4,-1,-1
634,-1,2100.5586,1447.3394,201.83276,287.6078,0.7208,4,-1,-1
635,-1,2095.9626,1445.072,203.01807,292.7102,0.8546,4,-1,-1
635,-1,2116.7788,1833.724,325.906,300.17102,0.7851,4,-1,-1
636,-1,2095.9734,1447.5742,202.42163,287.07153,0.8426,4,-1,-1
636,-1,2122.726,1833.2106,311.47607,303.47375,0.7526,4,-1,-1
636,-1,3331.6826,1433.6769,366.79688,280.43323,0.6986,4,-1,-1
637,-1,2098.0303,1452.454,200.97192,278.594,0.8076,4,-1,-1
637,-1,2120.2268,1831.0117,318.74292,302.83447,0.7744,4,-1,-1
638,-1,2097.442,1451.7043,201.35718,281.45178,0.8265,4,-1,-1
638,-1,2121.8564,1832.3735,317.37158,300.84204,0.8048,4,-1,-1
638,-1,3293.5413,1412.2708,307.552,238.7201,0.6484,4,-1,-1
639,-1,2096.1453,1447.7491,203.1377,286.50354,0.8456,4,-1,-1
639,-1,3249.1514,1393.8662,336.6443,241.2207,0.7331,4,-1,-1
639,-1,2121.5886,1831.6102,315.386,302.73718,0.7303,4,-1,-1
640,-1,2098.9731,1452.6287,202.13013,277.82605,0.8123,4,-1,-1
640,-1,2122.2788,1835.5023,305.08643,297.64148,0.7499,4,-1,-1
641,-1,2121.1077,1836.2626,303.98877,301.89392,0.8439,4,-1,-1
641,-1,2095.7007,1443.1101,209.1001,289.29285,0.8243,4,-1,-1
641,-1,3218.125,1367.162,299.62598,225.82446,0.7167,4,-1,-1
642,-1,2126.2117,1831.2938,304.17114,309.93274,0.8447,4,-1,-1
642,-1,2095.7273,1442.2451,213.16089,292.42432,0.7977,4,-1,-1
642,-1,3188.669,1347.1238,305.35913,228.26123,0.6377,4,-1,-1
643,-1,2129.5234,1837.3175,298.74585,297.1056,0.8501,4,-1,-1
643,-1,2100.3435,1445.3118,201.46362,290.11694,0.7131,4,-1,-1
644,-1,2128.8794,1837.0917,292.13892,290.97424,0.8168,4,-1,-1
644,-1,2104.1382,1446.3229,197.80054,287.48718,0.6798,4,-1,-1
645,-1,2128.9126,1833.3547,296.01392,304.65186,0.811,4,-1,-1
645,-1,2102.5803,1450.9303,196.78345,284.3451,0.7511,4,-1,-1
646,-1,2131.7778,1831.4229,312.62476,305.13257,0.8566,4,-1,-1
646,-1,2090.6414,1456.8981,217.31201,289.24805,0.7526,4,-1,-1
647,-1,2135.7722,1840.4263,290.94775,285.0542,0.8932,4,-1,-1
647,-1,2095.894,1450.9554,205.0481,276.489,0.8495,4,-1,-1
648,-1,2088.6365,1467.5411,218.76562,254.77295,0.837,4,-1,-1
648,-1,2116.4438,1823.2675,298.12842,286.9132,0.7668,4,-1,-1
649,-1,2120.3708,1835.2847,288.14185,272.02197,0.8269,4,-1,-1
649,-1,2093.618,1476.8726,212.06104,246.57703,0.7472,4,-1,-1
650,-1,2123.427,1839.1562,287.86475,272.90356,0.834,4,-1,-1
650,-1,2093.9065,1478.0885,212.18652,248.47974,0.709,4,-1,-1
651,-1,2123.2139,1828.1736,294.30786,287.4983,0.8282,4,-1,-1
651,-1,2089.059,1470.6373,213.95044,262.1571,0.7456,4,-1,-1
652,-1,2123.6807,1822.8071,295.2766,289.19702,0.8279,4,-1,-1
652,-1,2088.0457,1460.2421,219.94336,272.3656,0.7955,4,-1,-1
653,-1,2123.0676,1824.3241,292.4204,284.1632,0.7735,4,-1,-1
653,-1,2091.8726,1483.2358,232.36157,236.74084,0.7234,4,-1,-1
654,-1,2117.8545,1825.8651,316.0078,299.0238,0.8456,4,-1,-1
654,-1,2089.83,1469.598,214.09204,262.6266,0.7232,4,-1,-1
655,-1,2122.9421,1837.6381,305.78784,278.74915,0.8384,4,-1,-1
655,-1,2090.5435,1461.0522,209.72461,272.6106,0.7059,4,-1,-1
656,-1,2126.4678,1846.4749,312.3357,275.5725,0.8568,4,-1,-1
656,-1,2092.0168,1472.0042,216.6189,254.40527,0.7016,4,-1,-1
657,-1,2118.7603,1832.6194,318.45312,296.07153,0.8443,4,-1,-1
657,-1,2090.3848,1469.0697,216.5979,250.4076,0.6858,4,-1,-1
658,-1,2132.1355,1852.0817,283.3672,282.70764,0.9093,4,-1,-1
658,-1,2093.3105,1449.923,212.78662,275.6698,0.7944,4,-1,-1
659,-1,2124.3362,1846.1182,290.75342,290.87354,0.8091,4,-1,-1
659,-1,2090.999,1452.7633,211.21387,268.72913,0.8001,4,-1,-1
660,-1,2091.2527,1465.5121,204.87842,259.74658,0.8343,4,-1,-1
660,-1,2127.7114,1864.7443,292.8164,281.16248,0.8134,4,-1,-1
661,-1,2093.4387,1455.1818,205.72461,275.78015,0.8546,4,-1,-1
661,-1,2134.3118,1860.8557,308.83716,282.4768,0.7338,4,-1,-1
662,-1,2094.5178,1449.9025,211.7334,290.1825,0.8014,4,-1,-1
662,-1,2143.8188,1853.7874,316.12158,294.09448,0.7204,4,-1,-1
663,-1,2092.8303,1457.1624,210.11255,288.77393,0.7165,4,-1,-1
663,-1,2142.0596,1863.7087,311.2915,289.87866,0.6012,4,-1,-1
664,-1,2140.0771,1876.8546,304.08447,265.87756,0.7671,4,-1,-1
664,-1,2091.372,1459.0345,204.15088,281.59985,0.7476,4,-1,-1
665,-1,2137.7659,1883.9176,309.91284,279.46765,0.768,4,-1,-1
665,-1,2102.2622,1448.6018,197.82178,280.11426,0.7556,4,-1,-1
666,-1,2093.6953,1448.3352,207.33276,284.1261,0.8429,4,-1,-1
666,-1,2134.8132,1886.1984,319.8186,270.79236,0.768,4,-1,-1
667,-1,2095.0972,1446.8525,203.05054,284.65747,0.8397,4,-1,-1
668,-1,2092.034,1453.0094,208.2268,279.43457,0.8479,4,-1,-1
669,-1,2092.4858,1454.1252,209.68774,282.34253,0.8122,4,-1,-1
670,-1,2097.3948,1451.5059,196.68677,289.52063,0.806,4,-1,-1
671,-1,2096.8936,1452.9291,201.99976,287.005,0.8121,4,-1,-1
672,-1,2096.9678,1477.3943,233.58008,273.2384,0.7421,4,-1,-1
673,-1,2100.1882,1477.0161,222.6897,280.24316,0.6144,4,-1,-1
674,-1,2154.781,1951.5482,287.2522,191.64343,0.7374,4,-1,-1
674,-1,2093.6567,1468.9987,238.30078,288.09753,0.7353,4,-1,-1
675,-1,2102.1848,1504.0973,223.69336,250.30188,0.6509,4,-1,-1
676,-1,2099.0347,1483.4514,228.89062,283.75818,0.7011,4,-1,-1
677,-1,2105.681,1513.9435,219.32788,255.85889,0.8154,4,-1,-1
679,-1,2093.9702,1483.4196,235.92334,294.34082,0.6602,4,-1,-1
680,-1,2094.0076,1510.1385,240.78174,273.76575,0.7059,4,-1,-1
681,-1,2092.6335,1504.6787,245.04248,291.53748,0.7515,4,-1,-1
682,-1,2112.8774,1525.4686,235.5669,273.59363,0.6684,4,-1,-1
683,-1,2101.6465,1545.6859,243.57861,258.46448,0.6331,4,-1,-1
685,-1,2102.594,1561.5247,229.83301,260.91943,0.6282,4,-1,-1
686,-1,2095.8079,1543.059,241.40796,291.96802,0.7671,4,-1,-1
689,-1,2111.003,1573.5562,226.13281,306.35913,0.6249,4,-1,-1
690,-1,2107.6362,1572.9297,232.93823,306.94556,0.6188,4,-1,-1
693,-1,2106.9473,1637.6218,260.01978,291.75513,0.6262,4,-1,-1
694,-1,2104.4731,1637.083,249.09839,303.92407,0.7538,4,-1,-1
695,-1,2099.2373,1653.5472,241.19214,290.8673,0.6916,4,-1,-1
697,-1,2105.1294,1678.934,254.68286,314.52954,0.6222,4,-1,-1
698,-1,2094.1794,1706.5466,279.00977,300.14502,0.6264,4,-1,-1
699,-1,2094.9226,1714.4432,266.2212,307.30493,0.7571,4,-1,-1
700,-1,2111.6052,1637.2743,218.26147,314.46912,0.7623,4,-1,-1
701,-1,2106.7224,1631.7673,216.40283,334.91406,0.7106,4,-1,-1
702,-1,2084.881,1752.8499,302.43262,355.68726,0.6158,4,-1,-1
703,-1,2097.4363,1681.5308,241.45654,336.1604,0.6433,4,-1,-1
704,-1,2101.217,1674.2031,244.30566,370.71985,0.7261,4,-1,-1
705,-1,2111.5771,1691.6691,233.23096,333.4347,0.7139,4,-1,-1
709,-1,2112.7793,1815.8185,321.9995,356.73108,0.6548,4,-1,-1
710,-1,2120.3662,1791.2317,319.3379,398.4712,0.6002,4,-1,-1
714,-1,2136.9482,1884.9907,277.7202,271.552,0.6796,4,-1,-1
715,-1,2164.163,1910.7817,266.1482,239.63281,0.6906,4,-1,-1
783,-1,1762.7867,1403.5531,215.71155,252.85901,0.7409,4,-1,-1
785,-1,1741.8185,1452.6755,240.41467,259.34326,0.753,4,-1,-1
786,-1,1751.1952,1456.9401,220.13757,265.76062,0.7025,4,-1,-1
787,-1,1741.5057,1492.3231,219.33679,267.57764,0.6377,4,-1,-1
788,-1,1744.4388,1493.8214,223.16516,291.3402,0.8403,4,-1,-1
789,-1,1736.1937,1498.7198,227.39954,307.8722,0.7854,4,-1,-1
790,-1,1739.5931,1525.5762,228.36658,307.19092,0.6751,4,-1,-1
791,-1,1746.6403,1558.11,222.13354,293.51,0.6166,4,-1,-1
792,-1,1733.9738,1548.1804,216.35193,323.77637,0.6054,4,-1,-1
793,-1,1728.965,1589.8495,223.5232,319.9696,0.7007,4,-1,-1
794,-1,1735.1853,1604.6204,211.09814,323.224,0.6555,4,-1,-1
795,-1,1727.7969,1635.5815,227.81299,320.6974,0.8205,4,-1,-1
796,-1,1721.4757,1657.1046,233.05457,314.10803,0.8279,4,-1,-1
797,-1,1726.5645,1676.3239,236.07874,329.03552,0.7447,4,-1,-1
798,-1,1717.667,1684.4609,249.58044,355.75244,0.7952,4,-1,-1
799,-1,1716.7513,1708.0042,231.28442,349.30835,0.8473,4,-1,-1
800,-1,1713.7389,1720.623,249.03687,402.63574,0.7876,4,-1,-1
801,-1,1713.0249,1771.6962,235.21313,378.7196,0.8038,4,-1,-1
802,-1,1700.717,1776.2817,255.28589,328.78027,0.8992,4,-1,-1
803,-1,1700.7286,1804.6688,247.40637,332.17932,0.8323,4,-1,-1
804,-1,1693.8224,1825.369,243.61865,320.32166,0.8632,4,-1,-1
805,-1,1690.2743,1854.4523,263.66064,308.162,0.7196,4,-1,-1
808,-1,1682.9711,1939.7556,268.57092,220.0144,0.8319,4,-1,-1
843,-1,3452.0222,1573.3157,399.636,276.62268,0.6185,4,-1,-1
844,-1,3458.6501,1566.4009,394.1438,255.9867,0.6985,4,-1,-1
845,-1,3433.1638,1566.7069,377.44873,228.13403,0.8218,4,-1,-1
881,-1,2071.047,1525.8665,192.1731,248.60059,0.7227,4,-1,-1
882,-1,2077.0784,1539.5576,185.78491,258.15417,0.6327,4,-1,-1
883,-1,2078.592,1565.8558,198.1997,266.46582,0.782,4,-1,-1
884,-1,2092.3933,1606.6978,193.82861,252.84814,0.8489,4,-1,-1
885,-1,2083.5269,1626.4353,211.02637,279.30115,0.8961,4,-1,-1
886,-1,2087.1436,1653.7129,209.50562,302.51428,0.9351,4,-1,-1
887,-1,2092.3398,1694.2863,220.43604,311.40137,0.9244,4,-1,-1
888,-1,2080.572,1715.2415,231.85083,341.0796,0.9338,4,-1,-1
889,-1,2101.7651,1777.4337,235.55688,337.42175,0.8227,4,-1,-1
890,-1,2099.6064,1796.2039,239.24463,360.49243,0.8816,4,-1,-1
891,-1,2094.4548,1834.1761,225.56152,312.24036,0.7627,4,-1,-1
894,-1,3465.9644,1542.2865,346.92676,216.58716,0.6269,4,-1,-1
897,-1,3344.5825,2009.4078,384.10132,155.63977,0.6416,4,-1,-1
898,-1,3271.0044,1938.4651,356.17236,214.9375,0.7595,4,-1,-1
899,-1,3187.3787,1875.6105,466.40088,271.3551,0.8181,4,-1,-1
900,-1,3190.4092,1859.7958,478.52563,284.95422,0.9144,4,-1,-1
901,-1,3146.196,1818.8894,463.01636,304.49854,0.7396,4,-1,-1
902,-1,3120.674,1757.9093,408.50684,293.0404,0.867,4,-1,-1
903,-1,3100.0828,1708.7988,394.72534,301.53333,0.8703,4,-1,-1
904,-1,3073.6072,1670.4763,345.48486,304.89026,0.8675,4,-1,-1
905,-1,3043.4211,1645.97,325.68652,264.89587,0.8915,4,-1,-1
906,-1,2996.3672,1619.3947,319.48804,251.15076,0.941,4,-1,-1
907,-1,2969.9395,1592.9816,298.81274,251.47595,0.9457,4,-1,-1
908,-1,2945.3523,1570.1353,297.4016,223.51392,0.8828,4,-1,-1
909,-1,2905.1384,1533.6625,287.18384,227.89648,0.9122,4,-1,-1
910,-1,2880.83,1516.0494,283.24854,213.41821,0.9196,4,-1,-1
911,-1,2847.7117,1487.7222,283.2317,213.17456,0.8462,4,-1,-1
912,-1,2856.8975,1468.3403,249.82104,209.0586,0.661,4,-1,-1
913,-1,2823.6243,1447.9658,241.96924,192.00195,0.692,4,-1,-1
914,-1,2808.257,1438.452,250.38867,181.32898,0.8416,4,-1,-1
915,-1,2789.1868,1420.7612,241.96924,185.59436,0.7068,4,-1,-1
