1,-1,850.74945,768.1234,251.84161,151.22913,0.9646,4,-1,-1
1,-1,1051.4652,794.3793,276.18408,145.20941,0.9304,4,-1,-1
1,-1,986.5829,592.2969,259.4336,115.14032,0.9116,4,-1,-1
1,-1,360.96045,1235.1335,341.5746,281.23535,0.864,4,-1,-1
1,-1,414.56784,984.6957,351.27158,221.27954,0.8543,4,-1,-1
1,-1,-26.463589,1003.0645,269.90625,174.98016,0.845,4,-1,-1
1,-1,681.66986,604.7583,169.32172,137.54004,0.7623,4,-1,-1
1,-1,1322.0553,605.589,237.88025,107.201355,0.6903,4,-1,-1
2,-1,852.31104,765.75476,251.11499,157.06213,0.9539,4,-1,-1
2,-1,1033.5018,789.34595,288.28833,155.47253,0.9474,4,-1,-1
2,-1,398.08755,992.5546,360.05777,220.58319,0.8921,4,-1,-1
2,-1,991.8336,592.1593,270.60815,116.01532,0.8904,4,-1,-1
2,-1,351.63516,1232.9762,340.77463,281.17236,0.8447,4,-1,-1
2,-1,-32.431835,1005.32874,267.86893,172.57251,0.8138,4,-1,-1
2,-1,679.4813,602.39874,169.25189,140.35675,0.7312,4,-1,-1
2,-1,1330.4634,608.7984,238.9657,101.417114,0.7176,4,-1,-1
3,-1,840.5785,767.7758,256.19324,154.31573,0.9552,4,-1,-1
3,-1,1033.8397,791.6329,286.2826,153.3681,0.9479,4,-1,-1
3,-1,348.94122,1238.7721,349.0456,269.20264,0.8632,4,-1,-1
3,-1,376.1904,993.74133,377.19424,226.47864,0.8401,4,-1,-1
3,-1,998.2267,587.3331,268.891,120.16644,0.8022,4,-1,-1
3,-1,-36.57129,1004.27106,261.474,172.21808,0.7667,4,-1,-1
3,-1,677.3226,602.3227,172.26483,143.29828,0.7362,4,-1,-1
3,-1,1329.7809,606.3655,245.1084,100.72809,0.7013,4,-1,-1
4,-1,841.81836,764.626,255.02136,157.85852,0.9552,4,-1,-1
4,-1,1027.6993,792.679,280.08704,146.43634,0.9275,4,-1,-1
4,-1,391.57376,1005.1263,351.48026,209.94171,0.8874,4,-1,-1
4,-1,338.77023,1243.2356,356.29483,266.4203,0.8873,4,-1,-1
4,-1,674.46783,603.09106,174.85864,144.08142,0.7525,4,-1,-1
4,-1,-35.616722,1006.69995,247.83792,166.06702,0.7468,4,-1,-1
4,-1,1345.3992,603.9072,235.96753,106.06476,0.7276,4,-1,-1
4,-1,997.22705,593.14417,257.65967,112.242615,0.6485,4,-1,-1
4,-1,1927.4994,500.047,223.71887,100.90863,0.6377,4,-1,-1
5,-1,839.6747,768.6163,250.91394,150.3548,0.9578,4,-1,-1
5,-1,1028.7144,793.7694,281.12512,147.90967,0.9361,4,-1,-1
5,-1,323.78217,1238.7457,368.41016,266.95703,0.9116,4,-1,-1
5,-1,377.51776,1004.2548,350.42993,208.518,0.8893,4,-1,-1
5,-1,674.69403,603.8009,173.92853,142.08832,0.7497,4,-1,-1
5,-1,1342.9409,603.24286,249.35193,105.387634,0.7021,4,-1,-1
5,-1,-33.702248,1004.13885,237.58273,164.69684,0.6663,4,-1,-1
5,-1,1138.2155,703.73157,294.98474,113.03247,0.6257,4,-1,-1
5,-1,1010.1062,592.25024,279.06543,112.33118,0.6088,4,-1,-1
6,-1,839.46326,765.09595,259.89075,150.98627,0.9567,4,-1,-1
6,-1,367.26816,1001.8711,355.4512,207.98438,0.9166,4,-1,-1
6,-1,326.08566,1229.356,353.01987,276.42236,0.9141,4,-1,-1
6,-1,1022.44495,787.1782,285.68555,156.37152,0.9136,4,-1,-1
6,-1,672.42993,600.0885,177.40295,147.2619,0.801,4,-1,-1
6,-1,1353.4735,598.1644,252.73633,113.27948,0.6906,4,-1,-1
6,-1,1013.1957,590.88245,255.203,110.470215,0.637,4,-1,-1
6,-1,1943.2916,500.66174,219.15662,95.20569,0.6168,4,-1,-1
7,-1,834.8389,763.9513,264.5263,152.59387,0.9604,4,-1,-1
7,-1,1020.496,787.78033,282.95862,156.27448,0.9407,4,-1,-1
7,-1,348.86472,1006.7985,350.25064,202.43561,0.8992,4,-1,-1
7,-1,315.67416,1224.9904,353.50253,271.38232,0.879,4,-1,-1
7,-1,671.45703,600.0845,183.40167,145.60266,0.8151,4,-1,-1
7,-1,1012.0757,595.5093,272.83508,104.89282,0.7226,4,-1,-1
7,-1,1361.2921,595.48193,254.95459,112.61713,0.6952,4,-1,-1
7,-1,1134.728,697.695,310.6764,115.68823,0.6392,4,-1,-1
8,-1,827.3458,761.6702,264.81787,156.5813,0.9498,4,-1,-1
8,-1,1017.86957,785.38947,282.4489,158.19775,0.9257,4,-1,-1
8,-1,329.73712,1009.10315,357.07013,208.83179,0.8923,4,-1,-1
8,-1,317.63458,1228.4562,347.80707,266.34583,0.8783,4,-1,-1
8,-1,668.9712,599.3224,186.71606,142.96344,0.8338,4,-1,-1
8,-1,1024.6923,594.07666,259.47705,106.32764,0.7172,4,-1,-1
8,-1,1368.314,608.42926,258.33887,102.93622,0.6732,4,-1,-1
8,-1,1126.3635,692.50964,312.47632,118.20886,0.6579,4,-1,-1
8,-1,304.09668,1087.568,415.35205,308.64856,0.6234,4,-1,-1
9,-1,828.4956,763.7503,265.6516,153.76465,0.9376,4,-1,-1
9,-1,1014.0165,784.894,281.5293,157.61475,0.9249,4,-1,-1
9,-1,315.4316,1013.397,359.85526,209.61267,0.8617,4,-1,-1
9,-1,308.93875,1219.8806,349.72195,276.93347,0.8326,4,-1,-1
9,-1,666.80945,603.0047,185.22351,136.96948,0.8016,4,-1,-1
9,-1,291.2659,1092.8341,418.8055,320.11682,0.6757,4,-1,-1
9,-1,1026.0754,595.4358,270.1847,106.94269,0.6738,4,-1,-1
9,-1,1371.7987,597.64886,252.44373,120.35211,0.6327,4,-1,-1
10,-1,824.6235,761.6617,267.4328,147.87305,0.9311,4,-1,-1
10,-1,1014.26135,782.79395,277.91833,160.7981,0.909,4,-1,-1
10,-1,314.27765,1017.3207,371.66614,195.90698,0.8507,4,-1,-1
10,-1,305.16843,1215.4858,344.71585,275.35413,0.8479,4,-1,-1
10,-1,671.55225,602.19727,180.13971,138.09717,0.795,4,-1,-1
10,-1,1032.5706,594.73315,257.1964,103.63934,0.7481,4,-1,-1
10,-1,288.89627,1100.2988,399.57504,308.70496,0.6273,4,-1,-1
10,-1,1126.9751,689.8794,292.38538,116.06091,0.6024,4,-1,-1
11,-1,826.57996,754.9622,271.6338,155.2879,0.9179,4,-1,-1
11,-1,1010.7419,783.5609,275.70258,159.70343,0.8901,4,-1,-1
11,-1,295.8238,1021.74347,362.3238,200.27228,0.8389,4,-1,-1
11,-1,662.12335,603.3998,184.90808,135.99457,0.8342,4,-1,-1
11,-1,296.40222,1218.4791,352.4552,269.75037,0.7895,4,-1,-1
11,-1,1037.4542,595.20715,262.47644,104.9574,0.7318,4,-1,-1
12,-1,821.8006,754.60504,274.1186,156.43842,0.907,4,-1,-1
12,-1,1017.6633,782.21735,269.3224,155.9195,0.866,4,-1,-1
12,-1,289.756,1215.9673,347.78348,268.24548,0.8521,4,-1,-1
12,-1,283.9173,1019.384,367.6723,198.4184,0.7819,4,-1,-1
12,-1,666.53345,605.4585,173.01843,133.81903,0.749,4,-1,-1
12,-1,1138.0511,693.5619,275.92676,108.73932,0.6291,4,-1,-1
12,-1,1381.7748,607.58234,273.45483,105.78668,0.6104,4,-1,-1
13,-1,824.08716,756.6632,269.5553,157.91327,0.9171,4,-1,-1
13,-1,249.47447,1022.05096,390.86945,198.20709,0.8315,4,-1,-1
13,-1,285.1706,1212.583,353.5194,271.95312,0.8258,4,-1,-1
13,-1,1014.0173,784.73694,264.4361,153.14893,0.8152,4,-1,-1
13,-1,659.67535,605.9488,171.89899,133.94788,0.7367,4,-1,-1
13,-1,1380.5958,606.1988,279.21973,102.78345,0.6732,4,-1,-1
14,-1,817.7117,751.5095,279.62476,162.6731,0.913,4,-1,-1
14,-1,1012.0055,783.2939,264.88757,158.85645,0.8652,4,-1,-1
14,-1,248.54678,1020.6901,374.26315,208.83575,0.8198,4,-1,-1
14,-1,284.15082,1216.657,355.7788,267.11475,0.8081,4,-1,-1
14,-1,1398.901,606.8776,264.14,97.666626,0.7103,4,-1,-1
14,-1,666.8616,603.49536,161.85187,137.15015,0.7055,4,-1,-1
15,-1,819.8311,751.7511,282.71857,156.67621,0.8983,4,-1,-1
15,-1,277.3926,1215.631,357.1404,268.38257,0.826,4,-1,-1
15,-1,1013.85986,777.00854,261.72253,158.55658,0.8024,4,-1,-1
15,-1,223.82451,1025.1777,381.32794,206.51318,0.7968,4,-1,-1
15,-1,658.32886,598.53906,173.80695,142.18964,0.7632,4,-1,-1
15,-1,1416.3551,599.739,250.49524,101.02734,0.7398,4,-1,-1
15,-1,1294.3153,468.97946,264.31238,83.60092,0.6477,4,-1,-1
15,-1,1124.8954,688.741,288.3236,107.113525,0.647,4,-1,-1
16,-1,819.3245,750.68164,271.8537,156.85492,0.9037,4,-1,-1
16,-1,1014.9699,778.2644,260.94733,152.70746,0.8509,4,-1,-1
16,-1,211.47879,1022.6105,408.6052,218.47522,0.8382,4,-1,-1
16,-1,273.3451,1215.9257,358.19244,266.46863,0.8363,4,-1,-1
16,-1,1432.7753,598.7758,239.8424,102.85217,0.7569,4,-1,-1
16,-1,661.4823,600.62115,166.13696,141.04907,0.7559,4,-1,-1
16,-1,1300.5115,465.85303,279.77686,87.45111,0.6426,4,-1,-1
17,-1,189.56866,1022.49347,398.02917,223.50433,0.9122,4,-1,-1
17,-1,820.4219,750.2254,265.69067,159.18945,0.9041,4,-1,-1
17,-1,268.55707,1215.6831,365.3764,266.78137,0.834,4,-1,-1
17,-1,989.3699,775.9338,302.56763,158.02588,0.7791,4,-1,-1
17,-1,1438.8013,586.8828,257.9342,116.2912,0.7219,4,-1,-1
17,-1,1098.9252,676.8584,290.3817,119.23358,0.6868,4,-1,-1
17,-1,665.336,604.35767,161.97455,133.55109,0.6458,4,-1,-1
17,-1,1323.7458,459.24707,249.82129,95.17169,0.6125,4,-1,-1
18,-1,161.74123,1032.1907,422.44757,214.71521,0.9063,4,-1,-1
18,-1,826.64966,750.74976,260.73413,155.13818,0.8821,4,-1,-1
18,-1,991.2569,778.61975,294.409,155.05261,0.8579,4,-1,-1
18,-1,271.69562,1222.4373,353.6577,257.71924,0.8209,4,-1,-1
18,-1,659.6712,602.385,167.32355,137.0838,0.7166,4,-1,-1
18,-1,1098.9049,679.8999,301.31946,110.97711,0.6568,4,-1,-1
18,-1,1449.7941,584.21814,254.4701,118.76099,0.6272,4,-1,-1
19,-1,823.955,753.7475,264.90607,155.0102,0.9083,4,-1,-1
19,-1,147.33438,1031.5051,424.60263,214.55396,0.8919,4,-1,-1
19,-1,981.08203,775.9932,303.88477,158.48212,0.8717,4,-1,-1
19,-1,268.16974,1237.1636,342.34576,240.42871,0.8254,4,-1,-1
19,-1,1459.9192,590.7372,253.8833,114.11145,0.7349,4,-1,-1
19,-1,1088.4164,678.78906,286.43335,115.42493,0.6945,4,-1,-1
19,-1,204.66437,1091.5287,424.43658,332.76758,0.6905,4,-1,-1
19,-1,659.957,605.5986,166.21417,130.91016,0.6892,4,-1,-1
20,-1,153.14717,1035.8765,421.63538,222.43909,0.8537,4,-1,-1
20,-1,818.2899,749.9681,269.5481,158.34247,0.8493,4,-1,-1
20,-1,989.4182,775.6327,293.24353,156.99036,0.8278,4,-1,-1
20,-1,264.3085,1238.5,340.42447,236.66223,0.8224,4,-1,-1
20,-1,1461.1115,588.4,252.95862,112.69519,0.7989,4,-1,-1
20,-1,189.73625,1088.5885,424.88434,334.54688,0.7683,4,-1,-1
20,-1,1103.5497,591.2146,285.28076,127.87488,0.6949,4,-1,-1
20,-1,664.5795,604.7521,163.44214,132.37518,0.6464,4,-1,-1
20,-1,1085.5376,676.74725,289.4978,115.1203,0.6303,4,-1,-1
21,-1,138.56757,1035.3955,421.6408,223.83875,0.8793,4,-1,-1
21,-1,979.1148,776.52344,294.12823,157.73041,0.8612,4,-1,-1
21,-1,799.202,745.4991,271.78503,167.17145,0.8565,4,-1,-1
21,-1,265.6258,1218.005,361.62006,270.77222,0.8353,4,-1,-1
21,-1,177.93489,1088.6613,424.25702,332.88977,0.7983,4,-1,-1
21,-1,1475.3862,594.68854,244.15881,104.512146,0.7621,4,-1,-1
21,-1,660.494,605.1039,171.17682,133.5863,0.7362,4,-1,-1
21,-1,1102.7843,590.9012,267.47534,128.0943,0.639,4,-1,-1
22,-1,111.63201,1038.2406,429.55353,224.06885,0.9082,4,-1,-1
22,-1,799.0021,747.31604,261.1604,168.16156,0.8756,4,-1,-1
22,-1,981.8082,774.9561,294.14026,154.07892,0.856,4,-1,-1
22,-1,252.705,1235.951,357.5255,237.2102,0.8277,4,-1,-1
22,-1,1482.3997,597.20374,243.48059,102.53528,0.812,4,-1,-1
22,-1,651.6739,602.62604,183.6258,139.04962,0.8088,4,-1,-1
22,-1,166.12071,1088.0935,429.08002,329.51245,0.7914,4,-1,-1
22,-1,511.1203,626.0846,180.33185,152.80682,0.6465,4,-1,-1
22,-1,1088.1055,676.91174,272.40027,115.94592,0.6357,4,-1,-1
23,-1,796.4493,752.75653,262.98907,162.17743,0.9148,4,-1,-1
23,-1,86.372475,1039.0961,436.23477,224.73108,0.9089,4,-1,-1
23,-1,977.8105,775.16614,292.38007,154.51288,0.8818,4,-1,-1
23,-1,248.16554,1223.6145,378.83258,253.32312,0.874,4,-1,-1
23,-1,1490.8862,590.5447,238.7472,104.59613,0.8464,4,-1,-1
23,-1,162.28941,1096.5371,418.8615,329.6477,0.7965,4,-1,-1
23,-1,652.8633,603.8465,173.71118,135.96973,0.7293,4,-1,-1
23,-1,1087.7678,677.55286,268.9646,111.076904,0.6395,4,-1,-1
23,-1,512.2446,628.2973,179.07782,152.34924,0.6094,4,-1,-1
24,-1,1500.0974,585.5947,244.02893,109.2359,0.9072,4,-1,-1
24,-1,793.03094,750.6697,266.11444,159.53467,0.8971,4,-1,-1
24,-1,972.94977,777.39386,296.23102,154.01337,0.8789,4,-1,-1
24,-1,246.3225,1218.1495,382.41486,258.44702,0.8512,4,-1,-1
24,-1,60.782433,1042.2117,438.18106,224.05273,0.8267,4,-1,-1
24,-1,153.96674,1101.7727,422.53534,326.24072,0.8063,4,-1,-1
24,-1,645.9686,602.71185,179.40448,138.21106,0.8016,4,-1,-1
24,-1,1110.3854,599.0785,282.58765,117.221924,0.6526,4,-1,-1
24,-1,508.78564,627.0553,196.56213,161.67798,0.6517,4,-1,-1
24,-1,1478.2231,462.64035,242.72949,95.57095,0.6009,4,-1,-1
25,-1,973.944,778.80194,282.0631,151.49017,0.8787,4,-1,-1
25,-1,790.8883,748.69684,271.85132,157.54053,0.8738,4,-1,-1
25,-1,1515.5826,583.62756,233.88818,109.30463,0.8649,4,-1,-1
25,-1,64.76105,1039.002,457.03387,260.92114,0.859,4,-1,-1
25,-1,647.93567,605.3841,179.85596,133.63965,0.8574,4,-1,-1
25,-1,245.8842,1227.3557,371.06708,247.06946,0.8549,4,-1,-1
25,-1,138.80772,1096.7406,422.64172,329.05823,0.7688,4,-1,-1
25,-1,510.911,633.38654,190.08136,162.62518,0.7016,4,-1,-1
25,-1,1073.2588,676.2232,289.82947,118.64191,0.7013,4,-1,-1
25,-1,1119.0245,594.59924,281.03613,120.05621,0.639,4,-1,-1
26,-1,970.03406,774.9462,281.97925,153.52985,0.9031,4,-1,-1
26,-1,239.15857,1223.7849,379.6081,252.74707,0.8836,4,-1,-1
26,-1,791.94635,745.7794,268.33954,162.75946,0.8773,4,-1,-1
26,-1,651.3364,600.5524,177.46783,134.40747,0.8639,4,-1,-1
26,-1,37.740143,1032.6206,468.91354,267.54138,0.8636,4,-1,-1
26,-1,1527.3339,580.9271,232.4945,107.76282,0.8514,4,-1,-1
26,-1,140.8214,1108.9746,414.8673,320.46716,0.7438,4,-1,-1
26,-1,508.76764,636.2688,192.90845,163.341,0.7031,4,-1,-1
26,-1,1128.5381,597.5121,274.56506,124.715515,0.6654,4,-1,-1
26,-1,1103.2986,646.7458,278.6267,121.616455,0.628,4,-1,-1
26,-1,1504.6791,469.68732,258.8689,88.559265,0.606,4,-1,-1
27,-1,654.5542,603.35223,182.84344,133.31238,0.9071,4,-1,-1
27,-1,955.98987,777.1551,288.27686,157.6383,0.9069,4,-1,-1
27,-1,238.45844,1223.33,375.22845,251.06189,0.8767,4,-1,-1
27,-1,17.036184,1036.3368,475.655,268.48254,0.8655,4,-1,-1
27,-1,1531.4697,577.2711,236.72168,111.65906,0.8351,4,-1,-1
27,-1,510.17725,636.564,193.08582,171.29437,0.7688,4,-1,-1
27,-1,788.4002,745.88434,275.3687,165.12372,0.7394,4,-1,-1
27,-1,131.61012,1110.5374,414.15723,319.70813,0.7187,4,-1,-1
28,-1,650.569,605.9142,189.74536,132.53522,0.9373,4,-1,-1
28,-1,237.96027,1223.7822,369.03168,245.09521,0.9038,4,-1,-1
28,-1,792.7318,746.6733,269.47607,156.76215,0.8609,4,-1,-1
28,-1,1538.3906,581.0302,239.48865,108.98657,0.8522,4,-1,-1
28,-1,2.9782991,1040.4309,457.36993,261.943,0.8249,4,-1,-1
28,-1,952.27124,770.5548,291.41907,166.47894,0.8148,4,-1,-1
28,-1,131.81813,1130.1846,402.02942,307.00476,0.6338,4,-1,-1
28,-1,514.9883,636.7346,180.349,176.53339,0.6047,4,-1,-1
29,-1,227.16313,1223.1857,382.7556,251.77869,0.8996,4,-1,-1
29,-1,1551.7913,580.88965,233.36353,103.81122,0.8877,4,-1,-1
29,-1,652.9731,610.84985,176.67737,129.13788,0.869,4,-1,-1
29,-1,948.6198,771.3645,296.24274,162.56445,0.858,4,-1,-1
29,-1,791.4837,747.92737,271.37592,159.65399,0.8249,4,-1,-1
29,-1,36.59555,1044.044,399.6727,264.59167,0.7971,4,-1,-1
29,-1,514.6222,637.6419,181.84314,175.3081,0.7521,4,-1,-1
29,-1,1066.7402,680.028,275.406,107.56244,0.6238,4,-1,-1
30,-1,646.203,611.0756,191.32251,131.13947,0.9133,4,-1,-1
30,-1,229.84483,1216.1567,377.51343,256.3147,0.9048,4,-1,-1
30,-1,1565.8749,580.5059,223.85999,98.63837,0.9033,4,-1,-1
30,-1,940.77765,771.6875,295.17804,167.71393,0.8661,4,-1,-1
30,-1,787.8804,740.0456,271.44104,166.0163,0.7587,4,-1,-1
30,-1,21.389769,1054.4603,402.34485,247.37244,0.7573,4,-1,-1
30,-1,1056.4104,675.54706,283.75427,117.94574,0.7023,4,-1,-1
30,-1,517.8882,645.55286,178.20331,174.03687,0.684,4,-1,-1
31,-1,1574.6335,578.88074,219.42065,99.02136,0.9056,4,-1,-1
31,-1,644.91943,610.417,186.31842,132.70935,0.8985,4,-1,-1
31,-1,224.03345,1218.5339,374.6582,249.10034,0.8776,4,-1,-1
31,-1,788.2825,746.587,266.55737,159.92725,0.8108,4,-1,-1
31,-1,7.6659966,1060.5137,411.61737,245.57654,0.7959,4,-1,-1
31,-1,901.04376,758.1468,313.9604,185.27661,0.7696,4,-1,-1
31,-1,516.1727,644.7867,178.8681,180.11664,0.6995,4,-1,-1
31,-1,1051.7423,679.7157,279.80237,113.06085,0.6895,4,-1,-1
32,-1,1585.1307,579.71564,219.26306,97.595825,0.8971,4,-1,-1
32,-1,787.01825,742.9913,272.01666,165.2533,0.8733,4,-1,-1
32,-1,217.30089,1219.7052,374.1634,245.00159,0.8668,4,-1,-1
32,-1,643.07697,611.68005,193.61871,132.02972,0.8507,4,-1,-1
32,-1,938.9577,770.29517,296.23102,169.5841,0.8288,4,-1,-1
32,-1,4.7342205,1065.1559,387.48312,247.5907,0.7018,4,-1,-1
32,-1,509.72565,645.4159,185.00409,174.52802,0.6946,4,-1,-1
32,-1,1194.4846,595.64484,287.96606,94.49542,0.6229,4,-1,-1
32,-1,1067.8896,668.7643,249.70227,114.06598,0.6019,4,-1,-1
33,-1,218.91043,1214.3124,380.6705,256.54553,0.9148,4,-1,-1
33,-1,638.48145,614.80176,202.18524,129.24261,0.8868,4,-1,-1
33,-1,1595.1714,577.6491,224.96155,95.97858,0.8602,4,-1,-1
33,-1,789.1794,743.7013,259.9311,160.01831,0.8272,4,-1,-1
33,-1,931.0932,769.73914,300.24603,174.46497,0.8078,4,-1,-1
33,-1,505.54214,649.74335,184.99466,174.61652,0.707,4,-1,-1
33,-1,1063.3358,660.4898,258.29053,121.703064,0.7022,4,-1,-1
33,-1,1203.9504,590.9078,308.73755,103.513794,0.6976,4,-1,-1
33,-1,-10.493471,1068.9288,372.02194,252.91748,0.6072,4,-1,-1
34,-1,215.82568,1217.2479,378.37335,249.34717,0.8925,4,-1,-1
34,-1,783.6827,743.7002,265.98602,158.18127,0.8631,4,-1,-1
34,-1,631.3727,612.7557,210.85913,130.1831,0.8607,4,-1,-1
34,-1,1604.8444,575.16595,221.45007,98.29956,0.8142,4,-1,-1
34,-1,901.33435,758.6643,300.14258,184.21411,0.795,4,-1,-1
34,-1,506.6194,653.77826,182.02032,173.36768,0.7645,4,-1,-1
34,-1,1059.3862,665.24414,261.86487,123.609436,0.7038,4,-1,-1
34,-1,1660.094,464.5024,254.97156,88.07504,0.6754,4,-1,-1
34,-1,1213.3177,595.8102,284.55396,92.03174,0.6063,4,-1,-1
35,-1,214.05806,1210.1024,376.7669,257.31287,0.8807,4,-1,-1
35,-1,629.1367,610.9891,212.06604,133.75763,0.8563,4,-1,-1
35,-1,858.7388,760.6468,353.88928,182.41357,0.8087,4,-1,-1
35,-1,781.3635,740.5542,275.77283,171.28442,0.799,4,-1,-1
35,-1,504.20627,652.2037,180.76639,182.41992,0.7821,4,-1,-1
35,-1,1611.8894,571.0873,232.01428,102.12787,0.7793,4,-1,-1
35,-1,1692.8569,462.08588,240.21802,89.53613,0.6795,4,-1,-1
35,-1,1071.7499,665.03656,246.69067,116.65808,0.6743,4,-1,-1
36,-1,209.60516,1201.0995,377.01874,267.84644,0.8798,4,-1,-1
36,-1,624.32245,614.4519,216.83185,134.8432,0.8624,4,-1,-1
36,-1,1619.2012,572.3756,231.86987,100.01257,0.8198,4,-1,-1
36,-1,783.9977,739.2271,261.5818,167.89734,0.7946,4,-1,-1
36,-1,911.46387,766.6556,304.5536,181.41248,0.7875,4,-1,-1
36,-1,502.4274,655.8283,182.62943,186.63281,0.7341,4,-1,-1
36,-1,1715.2262,461.70038,240.13428,90.19702,0.6975,4,-1,-1
36,-1,1247.756,586.1223,253.26709,108.58484,0.6963,4,-1,-1
36,-1,1067.8563,660.14404,245.64807,123.494995,0.6124,4,-1,-1
37,-1,203.33829,1202.9354,380.55045,261.84595,0.8734,4,-1,-1
37,-1,918.1497,772.9137,287.8537,170.65753,0.8485,4,-1,-1
37,-1,1631.0972,566.91614,231.08875,99.42255,0.8336,4,-1,-1
37,-1,777.4003,743.54694,267.09528,161.78363,0.7956,4,-1,-1
37,-1,631.57654,614.4836,207.44104,136.80402,0.7942,4,-1,-1
37,-1,1060.3364,658.4584,247.25842,125.39398,0.7448,4,-1,-1
37,-1,1234.0631,588.93475,279.08472,102.97821,0.7322,4,-1,-1
37,-1,1706.7242,456.51715,280.8695,98.73468,0.6725,4,-1,-1
37,-1,506.73544,661.02124,173.51303,180.94543,0.6506,4,-1,-1
38,-1,207.70311,1210.09,373.84406,256.52026,0.8686,4,-1,-1
38,-1,914.75354,772.8271,297.4496,174.31793,0.8665,4,-1,-1
38,-1,1236.8694,589.1823,288.1593,104.48132,0.8351,4,-1,-1
38,-1,1640.7015,566.75525,225.26111,96.43994,0.8026,4,-1,-1
38,-1,779.0798,739.51245,263.87787,168.01727,0.7966,4,-1,-1
38,-1,1725.8148,461.14267,274.86035,91.07199,0.7509,4,-1,-1
38,-1,1058.2694,659.56366,243.0304,118.48474,0.7191,4,-1,-1
38,-1,630.1239,618.0277,205.44214,135.1997,0.65,4,-1,-1
38,-1,504.20544,661.2377,173.10175,188.44873,0.6355,4,-1,-1
39,-1,203.35971,1204.512,374.02286,263.1101,0.8881,4,-1,-1
39,-1,778.4068,741.1423,264.34247,164.56317,0.8771,4,-1,-1
39,-1,909.1156,769.09235,304.42383,176.80511,0.838,4,-1,-1
39,-1,623.44293,623.0033,216.95056,130.44495,0.8199,4,-1,-1
39,-1,1651.2468,563.63,217.63623,95.35486,0.7468,4,-1,-1
39,-1,1745.9414,460.91946,267.12952,89.71298,0.714,4,-1,-1
39,-1,500.64667,665.6129,176.83655,192.7555,0.71,4,-1,-1
39,-1,1210.1896,584.6724,327.36865,113.10742,0.6929,4,-1,-1
39,-1,1069.3394,661.2928,238.4093,116.97949,0.6635,4,-1,-1
40,-1,195.84015,1209.5471,383.7962,257.474,0.8362,4,-1,-1
40,-1,772.2116,743.02356,255.3548,169.31049,0.8291,4,-1,-1
40,-1,1236.7102,582.4814,301.30554,110.8949,0.8177,4,-1,-1
40,-1,907.409,773.13116,294.8493,169.59308,0.7802,4,-1,-1
40,-1,1059.7926,664.61835,253.84619,116.723145,0.7155,4,-1,-1
40,-1,612.9941,617.57526,220.07489,133.38904,0.7142,4,-1,-1
40,-1,1663.8107,559.9511,208.53613,95.91937,0.7122,4,-1,-1
40,-1,503.78156,673.56134,164.39508,185.28723,0.672,4,-1,-1
40,-1,1772.2834,453.4888,258.0647,93.507965,0.6533,4,-1,-1
41,-1,909.50226,774.99866,290.82452,168.45703,0.909,4,-1,-1
41,-1,195.78201,1211.8754,370.3936,257.74915,0.8538,4,-1,-1
41,-1,777.4271,738.4256,255.4696,169.05853,0.8216,4,-1,-1
41,-1,1253.3744,585.77655,289.55713,106.20795,0.8198,4,-1,-1
41,-1,1063.9224,665.3888,243.83679,115.36426,0.7803,4,-1,-1
41,-1,608.21606,620.30963,228.99072,136.15741,0.7519,4,-1,-1
41,-1,1668.5182,558.68964,212.06836,96.24524,0.6635,4,-1,-1
41,-1,1801.2726,455.48773,232.36804,86.492065,0.6432,4,-1,-1
41,-1,502.2248,671.1169,164.26093,186.59796,0.637,4,-1,-1
42,-1,191.42941,1208.5562,373.369,259.43115,0.8664,4,-1,-1
42,-1,896.6785,779.1482,298.64557,162.27838,0.8462,4,-1,-1
42,-1,1060.4976,664.61633,243.54993,113.6864,0.7965,4,-1,-1
42,-1,1249.2952,584.29004,281.9087,106.62146,0.7631,4,-1,-1
42,-1,610.0689,620.52905,214.36597,135.00781,0.7261,4,-1,-1
42,-1,764.8981,740.5769,272.23804,172.94312,0.7122,4,-1,-1
42,-1,1788.5161,455.9159,272.5005,88.62567,0.6868,4,-1,-1
43,-1,898.4532,774.94196,296.82806,170.90161,0.9045,4,-1,-1
43,-1,759.9001,741.8659,268.95563,171.47101,0.8809,4,-1,-1
43,-1,183.02026,1197.5289,368.664,258.3147,0.8171,4,-1,-1
43,-1,1055.0209,663.18036,249.4408,116.04132,0.7965,4,-1,-1
43,-1,1315.3386,580.04956,243.84839,106.91376,0.7066,4,-1,-1
43,-1,636.2144,622.6513,201.57874,133.57129,0.6366,4,-1,-1
44,-1,895.4874,777.3655,297.80115,169.86395,0.8513,4,-1,-1
44,-1,200.03668,1213.1685,354.2215,249.00793,0.8362,4,-1,-1
44,-1,1318.8309,575.37274,269.23682,108.86102,0.7953,4,-1,-1
44,-1,762.1056,735.9702,266.53003,172.64655,0.7672,4,-1,-1
44,-1,1054.2965,662.34204,247.90967,119.51166,0.7475,4,-1,-1
44,-1,626.5868,624.4434,213.78113,132.62054,0.6539,4,-1,-1
44,-1,1822.7605,455.66687,264.95703,85.66437,0.6118,4,-1,-1
45,-1,893.0956,774.1565,303.19385,172.00366,0.8846,4,-1,-1
45,-1,189.77374,1207.1619,371.11243,252.4137,0.8441,4,-1,-1
45,-1,756.1752,741.95844,274.99304,169.9823,0.7911,4,-1,-1
45,-1,1336.7131,573.66174,264.84717,109.08026,0.7685,4,-1,-1
45,-1,1056.8646,665.1726,256.02356,122.515076,0.7432,4,-1,-1
45,-1,1850.7661,456.60367,250.28564,78.83713,0.6214,4,-1,-1
45,-1,625.04626,622.092,219.74207,136.3681,0.6013,4,-1,-1
46,-1,882.3397,777.4001,312.7173,174.66144,0.9099,4,-1,-1
46,-1,188.68097,1210.9554,363.55713,248.90332,0.8705,4,-1,-1
46,-1,1057.5367,662.79095,245.31628,121.980225,0.7589,4,-1,-1
46,-1,750.0743,734.3993,285.02557,185.26923,0.7395,4,-1,-1
46,-1,602.9711,604.25195,213.76831,151.66968,0.6832,4,-1,-1
46,-1,1353.9664,576.50543,258.4535,105.374695,0.6505,4,-1,-1
47,-1,875.89764,777.0938,308.70184,173.62561,0.8697,4,-1,-1
47,-1,185.4248,1205.2694,370.25104,254.78589,0.8424,4,-1,-1
47,-1,1047.8394,664.5187,246.28601,120.36188,0.828,4,-1,-1
47,-1,1365.54,575.0208,265.07324,106.84613,0.7349,4,-1,-1
47,-1,743.82306,735.4489,304.22906,178.85449,0.6988,4,-1,-1
47,-1,668.1883,490.7773,189.51526,107.5195,0.6248,4,-1,-1
47,-1,1713.8959,546.56586,206.60522,94.37854,0.6182,4,-1,-1
47,-1,621.0846,616.7785,211.36603,141.40515,0.6089,4,-1,-1
48,-1,182.14201,1209.9724,366.0504,247.57227,0.8784,4,-1,-1
48,-1,1042.5916,662.90173,245.93396,119.726135,0.8209,4,-1,-1
48,-1,1373.8075,565.648,264.36365,114.07788,0.8064,4,-1,-1
48,-1,877.25397,775.9202,301.18756,170.40674,0.6896,4,-1,-1
48,-1,721.1828,746.4128,376.97125,179.83221,0.6553,4,-1,-1
48,-1,1725.9658,544.23083,199.56567,93.79266,0.6049,4,-1,-1
49,-1,179.78827,1211.0837,371.09662,246.63525,0.9128,4,-1,-1
49,-1,1394.8374,570.1178,249.53186,109.54907,0.8906,4,-1,-1
49,-1,1042.2765,664.373,245.41663,121.429016,0.7678,4,-1,-1
49,-1,721.12585,743.4315,385.36328,182.48291,0.7159,4,-1,-1
49,-1,866.7949,772.35754,324.84912,181.42993,0.6642,4,-1,-1
49,-1,599.76825,607.10596,207.62195,142.1413,0.6508,4,-1,-1
49,-1,1736.5519,540.09827,199.20312,92.38599,0.6324,4,-1,-1
50,-1,1399.5146,568.008,257.3224,110.34119,0.9353,4,-1,-1
50,-1,165.01517,1204.6187,376.85092,254.06616,0.9008,4,-1,-1
50,-1,1045.9829,664.2769,251.0033,124.148865,0.7897,4,-1,-1
50,-1,738.7837,740.95795,366.25586,176.12616,0.7646,4,-1,-1
50,-1,851.12244,771.72125,337.48938,190.74542,0.7155,4,-1,-1
50,-1,594.2393,602.8992,211.36633,141.80933,0.6229,4,-1,-1
51,-1,161.32669,1209.0052,384.5092,253.9281,0.9224,4,-1,-1
51,-1,1423.7842,569.8401,235.05396,103.04553,0.8529,4,-1,-1
51,-1,1046.3325,665.15326,249.66516,123.36377,0.7689,4,-1,-1
51,-1,715.6135,756.055,469.0006,171.20532,0.7191,4,-1,-1
51,-1,598.1578,599.8064,208.0415,150.0149,0.6797,4,-1,-1
52,-1,151.20885,1202.577,387.80292,253.854,0.9304,4,-1,-1
52,-1,1436.969,569.82336,234.47217,99.761475,0.9096,4,-1,-1
52,-1,1035.405,665.6409,249.00293,120.26892,0.8341,4,-1,-1
52,-1,600.0856,603.83923,201.13477,154.33344,0.7599,4,-1,-1
52,-1,741.73535,733.67993,289.80798,177.87048,0.7171,4,-1,-1
53,-1,141.4536,1202.546,394.69812,252.07263,0.9288,4,-1,-1
53,-1,1439.8865,566.46497,252.97229,105.64276,0.9007,4,-1,-1
53,-1,1029.5026,662.9856,250.97437,124.84448,0.8192,4,-1,-1
53,-1,726.3208,745.77606,364.34534,168.48108,0.6781,4,-1,-1
53,-1,598.1895,602.88086,197.30035,145.74121,0.6209,4,-1,-1
54,-1,127.13408,1204.645,395.52203,242.11658,0.9137,4,-1,-1
54,-1,1447.9801,565.2541,256.8103,106.70776,0.8767,4,-1,-1
54,-1,728.36194,734.1251,290.26477,180.685,0.7668,4,-1,-1
54,-1,1021.8511,669.0386,257.69482,121.62848,0.7288,4,-1,-1
54,-1,598.62823,608.18085,198.79584,149.99103,0.7205,4,-1,-1
55,-1,115.880135,1207.2953,396.8424,237.53296,0.9175,4,-1,-1
55,-1,1452.4362,563.6694,258.1964,107.21869,0.8225,4,-1,-1
55,-1,738.16077,748.1936,338.5962,167.30396,0.7859,4,-1,-1
55,-1,592.6311,605.4281,202.2442,139.1753,0.7593,4,-1,-1
55,-1,1002.3189,665.54376,285.13934,133.91614,0.7439,4,-1,-1
56,-1,104.21738,1204.1284,406.44653,234.41492,0.8953,4,-1,-1
56,-1,1462.6064,559.42163,256.25122,109.44171,0.8673,4,-1,-1
56,-1,739.48346,739.8681,289.4433,178.9375,0.7746,4,-1,-1
56,-1,1026.8276,664.4618,256.04407,129.82098,0.762,4,-1,-1
56,-1,592.23584,601.7742,197.34808,144.06635,0.6783,4,-1,-1
57,-1,101.65761,1206.4125,401.79767,238.15967,0.9085,4,-1,-1
57,-1,1480.4098,561.91895,248.38171,103.236206,0.8991,4,-1,-1
57,-1,758.93536,750.9952,309.64728,178.98901,0.7536,4,-1,-1
57,-1,597.628,605.0777,189.47058,149.84412,0.7332,4,-1,-1
57,-1,1027.4272,665.03516,245.75464,127.00012,0.7236,4,-1,-1
58,-1,94.05552,1206.2452,402.53754,237.26111,0.9215,4,-1,-1
58,-1,1498.9458,563.053,243.74133,100.73877,0.9125,4,-1,-1
58,-1,782.2455,789.63,320.57642,184.26642,0.8373,4,-1,-1
58,-1,1010.0889,664.0985,269.09064,129.93958,0.7898,4,-1,-1
58,-1,724.0132,738.03796,244.24426,170.776,0.6786,4,-1,-1
58,-1,598.26117,606.37604,188.86334,146.979,0.6765,4,-1,-1
59,-1,80.05339,1203.9591,413.13812,236.4873,0.9223,4,-1,-1
59,-1,1508.5322,558.8636,249.4065,103.81177,0.8437,4,-1,-1
59,-1,592.67645,613.01514,194.80591,143.71393,0.7754,4,-1,-1
59,-1,781.03406,788.88885,317.63696,191.94269,0.7688,4,-1,-1
59,-1,1010.4515,670.1199,258.90472,125.44891,0.741,4,-1,-1
59,-1,722.862,745.78143,294.1905,180.9881,0.6816,4,-1,-1
60,-1,59.875862,1205.8208,425.45755,229.05139,0.9365,4,-1,-1
60,-1,1011.03986,673.82,255.35028,130.06519,0.8319,4,-1,-1
60,-1,588.65594,606.208,195.90277,142.88159,0.7961,4,-1,-1
60,-1,753.1605,745.7555,300.99707,182.8017,0.7748,4,-1,-1
60,-1,1519.3269,559.6074,247.56201,99.28436,0.7568,4,-1,-1
60,-1,810.17737,795.18945,287.62512,205.6958,0.7461,4,-1,-1
61,-1,45.52444,1214.3313,425.89603,220.46338,0.9463,4,-1,-1
61,-1,1004.8079,669.8468,269.70746,132.39319,0.8575,4,-1,-1
61,-1,779.37244,756.7545,280.83093,199.59576,0.8017,4,-1,-1
61,-1,582.5371,606.77185,200.56079,140.61584,0.783,4,-1,-1
61,-1,1527.2014,552.618,250.047,106.47626,0.7399,4,-1,-1
61,-1,773.08716,523.2576,207.01587,100.729004,0.6363,4,-1,-1
62,-1,32.394474,1211.2351,432.49664,221.2284,0.93,4,-1,-1
62,-1,1003.93634,674.60565,272.00262,131.41022,0.8924,4,-1,-1
62,-1,587.06537,607.8139,194.1648,142.66644,0.7865,4,-1,-1
62,-1,765.9396,758.2973,280.6737,187.50262,0.7618,4,-1,-1
62,-1,1531.6979,552.05255,254.72754,107.36267,0.7446,4,-1,-1
63,-1,15.824241,1205.3208,441.30435,224.48352,0.8997,4,-1,-1
63,-1,1003.4516,671.5521,265.35602,134.43109,0.8766,4,-1,-1
63,-1,754.6901,767.91595,288.3786,185.27527,0.8605,4,-1,-1
63,-1,590.1394,609.27094,191.82587,144.63031,0.8292,4,-1,-1
63,-1,1548.6993,551.50275,238.42493,106.9267,0.7855,4,-1,-1
64,-1,-12.401078,1208.9904,449.82257,221.80652,0.9032,4,-1,-1
64,-1,744.33813,763.5326,306.5487,196.82477,0.8963,4,-1,-1
64,-1,581.7716,613.15063,196.13684,141.55206,0.8165,4,-1,-1
64,-1,1000.86505,670.705,258.58807,139.78253,0.7995,4,-1,-1
64,-1,1562.0062,551.35065,231.7168,102.934814,0.7218,4,-1,-1
65,-1,23.987873,1206.2505,428.81467,229.99597,0.8998,4,-1,-1
65,-1,751.1479,774.13306,298.8045,195.29144,0.8919,4,-1,-1
65,-1,995.0686,670.4631,259.7738,138.56744,0.8649,4,-1,-1
65,-1,1574.3242,549.1789,228.6023,101.13574,0.8552,4,-1,-1
65,-1,581.3245,616.6211,190.72028,133.57086,0.8342,4,-1,-1
66,-1,14.12049,1212.8148,431.39178,221.77124,0.9049,4,-1,-1
66,-1,744.4051,777.0849,302.32147,194.18518,0.8921,4,-1,-1
66,-1,987.5332,673.54767,267.92395,137.43353,0.8764,4,-1,-1
66,-1,1587.2349,543.896,229.01782,103.449524,0.8639,4,-1,-1
66,-1,578.1527,613.5423,197.49078,136.51422,0.8278,4,-1,-1
67,-1,12.776067,1219.4197,411.19476,213.66553,0.9299,4,-1,-1
67,-1,988.06366,675.7421,273.06927,135.73431,0.9147,4,-1,-1
67,-1,750.0725,796.4838,321.5144,198.96783,0.9077,4,-1,-1
67,-1,1601.4237,542.87946,221.1626,101.953064,0.7969,4,-1,-1
67,-1,571.07465,613.55975,198.51752,133.88605,0.7506,4,-1,-1
68,-1,10.211369,1225.661,404.59732,207.7207,0.9257,4,-1,-1
68,-1,987.0782,671.6403,263.82928,142.78558,0.9126,4,-1,-1
68,-1,747.96014,798.17053,311.9345,198.26495,0.8915,4,-1,-1
68,-1,567.25183,613.4017,204.40509,135.13983,0.7918,4,-1,-1
69,-1,-0.6365633,1229.2716,393.00388,198.99243,0.9337,4,-1,-1
69,-1,741.69073,797.3553,328.39703,203.8883,0.915,4,-1,-1
69,-1,973.987,671.5888,275.6452,144.54254,0.891,4,-1,-1
69,-1,1615.5667,537.97363,225.4972,103.39087,0.769,4,-1,-1
69,-1,573.5029,609.54803,197.60284,150.1485,0.7581,4,-1,-1
70,-1,736.4642,799.4566,330.97455,209.38806,0.9355,4,-1,-1
70,-1,-18.697659,1228.5662,392.22366,199.25293,0.9193,4,-1,-1
70,-1,986.07043,673.99567,261.01624,139.5105,0.8899,4,-1,-1
70,-1,1629.6375,539.68353,219.63953,101.085144,0.8103,4,-1,-1
70,-1,582.2325,616.0473,186.40997,142.26715,0.7149,4,-1,-1
71,-1,724.56287,803.9536,337.31616,212.39996,0.9204,4,-1,-1
71,-1,989.35284,676.7068,261.83136,139.18384,0.8834,4,-1,-1
71,-1,-18.409527,1223.7382,383.3122,203.09436,0.8725,4,-1,-1
71,-1,575.1128,618.10583,192.42346,140.85919,0.7871,4,-1,-1
71,-1,1643.3616,535.7778,216.06396,98.05237,0.7844,4,-1,-1
71,-1,441.29453,685.4367,212.56247,233.18774,0.6781,4,-1,-1
71,-1,869.7856,541.1383,214.91327,106.69177,0.6055,4,-1,-1
72,-1,711.6757,797.9523,335.06036,223.12854,0.875,4,-1,-1
72,-1,-15.505278,1227.0223,361.93747,197.52844,0.869,4,-1,-1
72,-1,988.05457,676.11676,269.1078,141.91083,0.7927,4,-1,-1
72,-1,1658.9482,532.04297,213.12427,99.34497,0.7645,4,-1,-1
72,-1,573.4858,618.43256,195.90039,138.57007,0.7625,4,-1,-1
72,-1,438.98828,686.10406,214.72137,225.7807,0.7502,4,-1,-1
73,-1,975.759,678.88727,275.09113,143.37463,0.9003,4,-1,-1
73,-1,-17.323414,1222.7107,352.55853,202.3966,0.8412,4,-1,-1
73,-1,557.51306,613.64624,203.76099,141.73633,0.8219,4,-1,-1
73,-1,707.39886,794.958,323.46417,238.27002,0.7859,4,-1,-1
73,-1,1672.6581,527.8226,208.42981,101.673035,0.7638,4,-1,-1
73,-1,438.8093,690.2115,209.44345,232.52527,0.666,4,-1,-1
74,-1,-13.765288,1214.5662,339.66525,207.3269,0.8521,4,-1,-1
74,-1,984.27545,688.1918,273.71417,125.54126,0.8506,4,-1,-1
74,-1,697.5183,808.6653,331.3026,225.65247,0.8123,4,-1,-1
74,-1,573.69684,614.64526,197.4367,144.18304,0.7526,4,-1,-1
74,-1,443.39825,688.2473,205.55426,224.58887,0.6581,4,-1,-1
74,-1,1682.6737,526.2113,210.09192,100.03046,0.653,4,-1,-1
75,-1,989.18774,688.7344,270.10193,126.26404,0.8424,4,-1,-1
75,-1,-19.67138,1208.6652,324.51953,206.0874,0.8237,4,-1,-1
75,-1,553.5379,609.90125,201.29108,146.05603,0.7987,4,-1,-1
75,-1,694.4947,825.3939,333.3847,199.56885,0.788,4,-1,-1
75,-1,437.74408,691.9356,209.09479,228.6427,0.7111,4,-1,-1
76,-1,-12.440632,1213.948,302.38336,216.92969,0.8246,4,-1,-1
76,-1,687.2044,827.511,327.14532,195.19232,0.8218,4,-1,-1
76,-1,572.53796,614.20734,194.96033,146.80164,0.7826,4,-1,-1
76,-1,988.88293,684.0162,265.42322,126.59021,0.7423,4,-1,-1
76,-1,1690.6257,513.9765,223.7284,106.84186,0.63,4,-1,-1
77,-1,679.33136,833.2102,320.1844,193.3883,0.8421,4,-1,-1
77,-1,566.7423,610.38983,200.03479,153.31195,0.8222,4,-1,-1
77,-1,932.2888,546.52655,243.29529,127.05969,0.7807,4,-1,-1
77,-1,-22.280235,1217.6904,298.388,208.86475,0.7677,4,-1,-1
77,-1,988.03455,684.3202,266.25806,127.843445,0.7386,4,-1,-1
78,-1,673.5343,838.7043,309.87604,195.15106,0.9006,4,-1,-1
78,-1,566.5307,618.9026,196.64557,143.63599,0.8299,4,-1,-1
78,-1,980.007,680.01996,263.76984,129.79425,0.6973,4,-1,-1
78,-1,-21.849411,1216.9421,278.07184,211.4917,0.6802,4,-1,-1
78,-1,723.41394,750.0272,263.83325,156.15936,0.6712,4,-1,-1
78,-1,940.233,549.7994,254.04852,121.91907,0.6169,4,-1,-1
79,-1,674.53613,844.3362,298.5244,198.65369,0.9019,4,-1,-1
79,-1,570.1465,622.6103,194.00922,143.5857,0.8224,4,-1,-1
79,-1,984.12164,681.9116,278.3371,129.40393,0.7421,4,-1,-1
79,-1,725.7482,753.89014,262.54095,151.92645,0.6591,4,-1,-1
80,-1,667.8442,845.6847,295.25714,203.70251,0.9293,4,-1,-1
80,-1,568.9037,630.6564,200.8186,135.23834,0.8737,4,-1,-1
80,-1,972.7506,684.6276,271.17932,126.50806,0.7973,4,-1,-1
80,-1,721.3848,752.9236,266.57642,151.12683,0.69,4,-1,-1
81,-1,661.166,849.44385,294.2279,204.29724,0.8718,4,-1,-1
81,-1,967.0741,677.6596,277.10217,141.42316,0.8518,4,-1,-1
81,-1,566.70233,627.56824,200.27728,139.73535,0.8322,4,-1,-1
81,-1,723.8269,753.2453,260.28894,148.80823,0.7642,4,-1,-1
81,-1,968.52185,548.66583,257.64575,123.35748,0.6967,4,-1,-1
82,-1,976.8858,679.7781,274.73627,136.3548,0.8713,4,-1,-1
82,-1,649.2625,851.01196,296.72144,205.13354,0.8684,4,-1,-1
82,-1,565.97235,627.4885,201.04706,138.26965,0.8203,4,-1,-1
82,-1,722.9314,754.09436,256.36084,143.50397,0.7708,4,-1,-1
82,-1,431.9877,697.5631,204.8146,219.20447,0.6298,4,-1,-1
83,-1,976.25745,682.28076,275.28748,133.43225,0.8965,4,-1,-1
83,-1,567.8107,628.31494,200.98846,134.40063,0.8323,4,-1,-1
83,-1,639.23224,861.181,297.08942,203.84778,0.7062,4,-1,-1
83,-1,728.8218,750.779,251.87646,140.33612,0.7039,4,-1,-1
84,-1,977.16077,680.8789,268.85583,134.59674,0.9013,4,-1,-1
84,-1,720.8843,756.6378,256.90186,140.01929,0.8297,4,-1,-1
84,-1,570.56775,626.5965,199.74152,135.89539,0.819,4,-1,-1
84,-1,620.9948,876.184,318.03967,175.867,0.7238,4,-1,-1
85,-1,976.86017,679.21454,277.77692,135.27386,0.9132,4,-1,-1
85,-1,724.1033,755.66504,253.27502,137.64813,0.8429,4,-1,-1
85,-1,569.97345,624.75903,199.83783,136.94226,0.815,4,-1,-1
85,-1,605.50494,871.989,327.48907,183.34705,0.744,4,-1,-1
85,-1,1043.1945,541.85516,247.2251,128.74854,0.7203,4,-1,-1
85,-1,1795.5924,482.53876,207.3634,111.72864,0.6522,4,-1,-1
86,-1,971.1429,677.1205,285.39215,136.7461,0.907,4,-1,-1
86,-1,608.5361,881.0709,307.71375,176.70447,0.8668,4,-1,-1
86,-1,727.5577,755.6676,251.40411,137.83026,0.842,4,-1,-1
86,-1,575.2734,626.9128,200.3498,134.65137,0.7852,4,-1,-1
86,-1,1071.3073,554.49304,230.32898,119.53131,0.6491,4,-1,-1
87,-1,978.9542,679.19946,275.39954,138.44055,0.8953,4,-1,-1
87,-1,727.5959,754.6585,250.27191,137.83319,0.8747,4,-1,-1
87,-1,601.167,877.60596,309.0064,186.59436,0.841,4,-1,-1
87,-1,575.23486,625.88385,197.77075,134.48273,0.763,4,-1,-1
88,-1,975.2527,674.11597,287.26392,137.1106,0.9106,4,-1,-1
88,-1,726.2791,755.16345,251.18396,140.56152,0.8873,4,-1,-1
88,-1,597.4817,883.6809,311.1001,181.57788,0.8763,4,-1,-1
88,-1,569.8211,626.7743,200.8966,135.49994,0.8114,4,-1,-1
89,-1,970.40796,671.5294,289.2881,139.66034,0.9251,4,-1,-1
89,-1,727.27905,755.184,251.9751,140.72516,0.8956,4,-1,-1
89,-1,566.80707,625.26587,206.15594,137.2862,0.8618,4,-1,-1
89,-1,600.06024,895.3873,298.98383,183.20679,0.7774,4,-1,-1
89,-1,1104.1211,567.2589,256.07642,111.75171,0.7653,4,-1,-1
89,-1,646.232,542.4159,280.10547,95.0058,0.6438,4,-1,-1
90,-1,726.3985,757.6903,251.07098,139.16992,0.8871,4,-1,-1
90,-1,964.2317,668.58594,309.02246,143.29364,0.8828,4,-1,-1
90,-1,1125.0128,571.8731,248.90247,108.07141,0.8796,4,-1,-1
90,-1,585.5821,887.2177,305.95782,190.03607,0.8241,4,-1,-1
90,-1,567.5552,626.36127,201.4237,139.67828,0.7778,4,-1,-1
91,-1,965.85535,670.83777,307.5067,143.41418,0.9086,4,-1,-1
91,-1,732.2994,756.5475,245.93628,138.05731,0.9038,4,-1,-1
91,-1,1140.237,570.33856,250.19788,110.75568,0.8776,4,-1,-1
91,-1,566.8162,631.3382,201.53253,134.20459,0.8192,4,-1,-1
91,-1,583.50073,893.48315,292.62634,186.28125,0.7788,4,-1,-1
92,-1,728.57996,756.99097,252.8045,140.19849,0.9151,4,-1,-1
92,-1,956.36444,667.22815,328.57867,147.0072,0.8956,4,-1,-1
92,-1,1157.121,568.8084,258.31458,112.45111,0.8181,4,-1,-1
92,-1,567.4292,895.2333,305.23767,189.06934,0.8146,4,-1,-1
92,-1,566.1979,631.8507,198.33575,132.58179,0.7836,4,-1,-1
93,-1,722.4249,758.8198,255.24994,143.46912,0.9305,4,-1,-1
93,-1,954.8211,667.83624,322.72955,144.74683,0.8863,4,-1,-1
93,-1,556.9699,899.68,316.51056,190.80524,0.8246,4,-1,-1
93,-1,1177.4315,573.09674,255.96973,113.22504,0.8089,4,-1,-1
93,-1,560.95087,633.14496,200.59674,132.30591,0.7946,4,-1,-1
94,-1,719.77167,759.84174,259.39465,142.2597,0.9355,4,-1,-1
94,-1,952.3599,665.8544,313.1812,141.60608,0.8789,4,-1,-1
94,-1,1185.8066,575.21014,250.35962,107.650085,0.8488,4,-1,-1
94,-1,561.9062,633.757,198.99695,132.87598,0.7727,4,-1,-1
94,-1,565.2938,903.2657,315.00818,190.39398,0.7164,4,-1,-1
95,-1,718.6671,759.5399,259.1407,144.50568,0.9414,4,-1,-1
95,-1,952.8929,671.95245,318.56598,142.29059,0.9379,4,-1,-1
95,-1,1198.0197,574.4831,251.3274,111.427795,0.9059,4,-1,-1
95,-1,554.76404,909.4458,313.29688,182.28223,0.8194,4,-1,-1
95,-1,565.1731,634.585,194.62622,130.66943,0.7534,4,-1,-1
96,-1,718.1139,760.00195,261.51617,144.51624,0.9386,4,-1,-1
96,-1,958.982,669.742,312.92548,134.80304,0.9144,4,-1,-1
96,-1,1215.9263,569.9674,255.10938,114.572815,0.8953,4,-1,-1
96,-1,543.79254,912.69543,320.73657,178.32068,0.8395,4,-1,-1
96,-1,565.6249,633.7021,190.97955,129.85071,0.7512,4,-1,-1
96,-1,438.45023,728.3419,174.30173,180.01892,0.6194,4,-1,-1
97,-1,716.2164,761.2983,262.20734,145.86346,0.9363,4,-1,-1
97,-1,958.193,668.9409,303.26123,140.01208,0.909,4,-1,-1
97,-1,1230.1012,572.0292,252.3794,112.92651,0.8516,4,-1,-1
97,-1,525.76807,915.9644,314.167,177.6402,0.83,4,-1,-1
97,-1,568.1812,632.4809,184.2937,131.77338,0.7136,4,-1,-1
97,-1,436.5102,729.576,184.13708,180.15308,0.6701,4,-1,-1
98,-1,718.23004,762.4439,259.6598,145.40094,0.9331,4,-1,-1
98,-1,959.0915,670.5122,309.51324,141.79626,0.9071,4,-1,-1
98,-1,1237.4552,572.34814,260.0326,114.695496,0.8283,4,-1,-1
98,-1,526.0461,916.14136,305.56494,174.88086,0.7743,4,-1,-1
98,-1,430.11462,720.9872,187.02429,188.11102,0.7167,4,-1,-1
98,-1,564.9805,627.4534,188.70001,135.29309,0.6947,4,-1,-1
99,-1,713.2278,763.23035,260.24298,146.42749,0.9322,4,-1,-1
99,-1,508.28732,921.3847,312.0718,175.33087,0.9222,4,-1,-1
99,-1,955.522,670.3571,311.81238,143.9096,0.8989,4,-1,-1
99,-1,1253.0162,575.98444,249.79199,108.19061,0.8679,4,-1,-1
99,-1,564.44165,630.4886,193.48462,134.09375,0.7601,4,-1,-1
99,-1,433.362,726.3602,184.82874,182.78015,0.7415,4,-1,-1
100,-1,709.96796,761.396,263.42535,149.62384,0.9389,4,-1,-1
100,-1,957.5999,674.7163,313.6037,140.85791,0.9196,4,-1,-1
100,-1,502.98126,916.8453,304.93634,179.42963,0.8897,4,-1,-1
100,-1,1260.3298,574.1306,258.4552,110.54663,0.8468,4,-1,-1
100,-1,561.38873,626.4618,200.78009,140.62341,0.8168,4,-1,-1
100,-1,439.70773,726.35645,175.22232,185.7846,0.7222,4,-1,-1
101,-1,708.2266,762.93097,263.13464,150.59747,0.9301,4,-1,-1
101,-1,490.86716,929.1146,302.67557,168.90125,0.8593,4,-1,-1
101,-1,952.76843,672.4539,303.7716,146.4953,0.847,4,-1,-1
101,-1,556.15186,630.69934,201.72913,135.63525,0.7947,4,-1,-1
101,-1,1279.8746,574.6946,249.57812,105.57471,0.7838,4,-1,-1
101,-1,436.2911,719.0805,179.08395,193.03839,0.7444,4,-1,-1
101,-1,811.10834,548.49194,274.5821,105.766235,0.7133,4,-1,-1
102,-1,705.2156,762.5099,266.2329,152.13965,0.954,4,-1,-1
102,-1,478.47098,935.3008,316.67484,173.7445,0.8896,4,-1,-1
102,-1,953.7915,677.52936,303.37024,144.81757,0.8452,4,-1,-1
102,-1,556.4002,633.5387,198.95154,132.61682,0.8238,4,-1,-1
102,-1,433.51117,720.14197,183.4856,198.30621,0.7582,4,-1,-1
102,-1,1294.4294,576.8999,251.91211,107.047485,0.7552,4,-1,-1
102,-1,834.5596,552.8087,271.99292,105.34039,0.6574,4,-1,-1
103,-1,704.6152,762.29584,268.7751,154.00543,0.957,4,-1,-1
103,-1,464.8401,934.9576,325.46582,173.76776,0.9075,4,-1,-1
103,-1,959.97833,679.7895,291.19635,148.16077,0.8369,4,-1,-1
103,-1,556.97107,629.05756,207.97241,137.63367,0.7874,4,-1,-1
103,-1,1316.178,574.5964,254.09375,111.73218,0.757,4,-1,-1
103,-1,856.70715,559.86304,235.2898,106.78021,0.7495,4,-1,-1
103,-1,439.30005,726.975,168.01282,194.80371,0.7406,4,-1,-1
104,-1,697.1367,762.3414,277.53674,153.4436,0.9556,4,-1,-1
104,-1,463.50427,944.74866,338.75592,172.99292,0.9126,4,-1,-1
104,-1,1339.9365,577.5423,234.52759,103.57233,0.8623,4,-1,-1
104,-1,956.6428,679.2655,299.1765,145.15643,0.8524,4,-1,-1
104,-1,558.8322,632.96686,203.0285,129.53357,0.8144,4,-1,-1
104,-1,856.6831,563.9208,241.45886,104.96576,0.79,4,-1,-1
104,-1,438.03735,725.76013,170.81146,199.24237,0.7269,4,-1,-1
105,-1,695.87036,762.0436,280.01086,155.49689,0.9524,4,-1,-1
105,-1,458.18564,948.69916,328.36435,173.09503,0.9237,4,-1,-1
105,-1,1358.8107,582.0128,227.69788,97.24597,0.8736,4,-1,-1
105,-1,957.803,679.92194,296.85535,141.43036,0.8534,4,-1,-1
105,-1,558.70544,632.9938,205.04523,129.46869,0.8298,4,-1,-1
105,-1,436.3529,723.3564,173.01617,204.20526,0.8075,4,-1,-1
105,-1,862.9496,558.5057,274.21777,112.34668,0.6861,4,-1,-1
106,-1,444.32974,955.7296,331.06833,168.0216,0.9533,4,-1,-1
106,-1,694.2873,760.685,282.9254,157.35974,0.9524,4,-1,-1
106,-1,1372.1757,576.6601,225.6073,99.36975,0.8815,4,-1,-1
106,-1,434.49554,720.1688,173.59467,208.03333,0.8462,4,-1,-1
106,-1,558.5754,633.2228,207.08691,131.84949,0.8167,4,-1,-1
106,-1,948.6239,678.18317,304.27563,151.64899,0.7945,4,-1,-1
106,-1,887.48706,560.5117,245.41858,98.56183,0.7872,4,-1,-1
107,-1,691.0033,758.95374,283.75836,159.63342,0.96,4,-1,-1
107,-1,432.9351,957.8904,325.5389,167.27832,0.9367,4,-1,-1
107,-1,1388.3574,576.2373,220.5332,99.177,0.8868,4,-1,-1
107,-1,557.6267,629.37573,203.36536,137.10468,0.8178,4,-1,-1
107,-1,946.57355,679.1638,308.66547,148.85211,0.8137,4,-1,-1
107,-1,435.17603,728.5832,173.51831,201.01294,0.7667,4,-1,-1
107,-1,903.6837,560.9393,244.72693,100.44971,0.6559,4,-1,-1
108,-1,694.3822,759.49695,281.1306,159.43585,0.9637,4,-1,-1
108,-1,420.45276,960.1732,329.6761,173.95544,0.9131,4,-1,-1
108,-1,1392.575,569.464,239.07227,104.90967,0.8549,4,-1,-1
108,-1,947.61115,682.35895,300.6441,144.75769,0.8128,4,-1,-1
108,-1,559.581,630.83655,198.33954,132.08215,0.7832,4,-1,-1
108,-1,917.6147,568.9317,247.07123,95.91748,0.7612,4,-1,-1
108,-1,433.69778,729.51825,174.30508,204.63715,0.7195,4,-1,-1
109,-1,692.7611,761.2977,283.43488,159.25519,0.9609,4,-1,-1
109,-1,1396.2422,569.82623,240.21362,104.602356,0.8843,4,-1,-1
109,-1,414.81213,965.1592,331.45032,168.18127,0.8749,4,-1,-1
109,-1,943.24475,681.17975,305.08228,150.5686,0.7611,4,-1,-1
109,-1,433.37695,728.8292,175.21228,202.07709,0.7445,4,-1,-1
109,-1,908.5863,570.35254,272.90955,102.05359,0.7339,4,-1,-1
109,-1,559.1677,633.88995,196.59772,129.64264,0.7261,4,-1,-1
110,-1,687.89075,760.66425,281.41235,162.22772,0.962,4,-1,-1
110,-1,1409.9572,572.98413,234.96729,101.34375,0.9327,4,-1,-1
110,-1,380.92505,949.0591,348.50964,193.23792,0.9049,4,-1,-1
110,-1,437.3258,730.4145,158.83374,207.7555,0.8348,4,-1,-1
110,-1,933.53455,571.2288,246.44177,99.67078,0.7468,4,-1,-1
110,-1,559.6736,635.3548,194.97705,128.81976,0.7408,4,-1,-1
110,-1,936.6064,682.2883,317.00348,154.11346,0.7218,4,-1,-1
111,-1,686.8492,759.14813,280.6454,161.83508,0.9412,4,-1,-1
111,-1,1427.9246,576.6217,230.594,93.29028,0.9036,4,-1,-1
111,-1,372.17734,955.11566,334.3865,191.08551,0.8746,4,-1,-1
111,-1,559.9685,635.88995,191.79279,129.09088,0.7393,4,-1,-1
111,-1,425.8804,722.2221,175.0198,218.04315,0.7164,4,-1,-1
111,-1,939.8089,687.05536,301.13458,150.20093,0.6617,4,-1,-1
111,-1,946.0425,569.2755,255.54651,104.52588,0.6436,4,-1,-1
112,-1,676.23083,759.8631,278.89288,163.92755,0.961,4,-1,-1
112,-1,1436.9357,573.37225,226.90527,98.77008,0.9295,4,-1,-1
112,-1,357.11783,960.7681,333.5709,192.40741,0.8811,4,-1,-1
112,-1,541.85895,635.9703,206.97595,136.42603,0.7609,4,-1,-1
112,-1,425.3588,740.38055,163.67996,206.86365,0.6707,4,-1,-1
112,-1,962.2261,562.31494,271.91064,120.94293,0.6693,4,-1,-1
112,-1,920.8272,676.9509,328.36322,149.91058,0.629,4,-1,-1
113,-1,662.62244,757.7246,284.0866,166.03735,0.9455,4,-1,-1
113,-1,328.0379,964.03516,348.47516,194.10608,0.9067,4,-1,-1
113,-1,1441.9772,574.758,230.17029,93.8811,0.8506,4,-1,-1
113,-1,534.17017,634.1615,206.08136,139.31213,0.7821,4,-1,-1
113,-1,932.7352,684.69446,269.5923,146.1853,0.7129,4,-1,-1
113,-1,435.0647,752.8214,151.15326,182.52747,0.6476,4,-1,-1
114,-1,648.8853,759.4499,280.7541,164.26794,0.9275,4,-1,-1
114,-1,325.42126,979.47943,364.5517,195.01593,0.8845,4,-1,-1
114,-1,519.8343,636.9285,204.37909,131.3418,0.8806,4,-1,-1
114,-1,1449.217,569.5128,229.51746,97.93646,0.8742,4,-1,-1
114,-1,417.39688,743.52783,151.73392,194.71246,0.8414,4,-1,-1
114,-1,911.42993,681.2051,278.77368,152.76508,0.8,4,-1,-1
114,-1,980.3627,573.362,259.2212,108.29559,0.7243,4,-1,-1
115,-1,285.78333,982.35675,366.36493,194.49042,0.9065,4,-1,-1
115,-1,657.40717,768.00476,275.5938,160.27893,0.9027,4,-1,-1
115,-1,390.46494,736.0063,157.21555,213.43341,0.8646,4,-1,-1
115,-1,510.81345,638.6878,190.47934,131.29376,0.854,4,-1,-1
115,-1,1450.8894,567.2291,223.34692,99.64752,0.8436,4,-1,-1
115,-1,904.15015,684.6847,274.39246,144.88568,0.8005,4,-1,-1
116,-1,615.6592,762.81793,293.61578,165.26245,0.9298,4,-1,-1
116,-1,870.3862,685.95386,281.16687,150.34637,0.8426,4,-1,-1
116,-1,1437.4203,566.80414,225.56396,96.93384,0.8344,4,-1,-1
116,-1,358.39877,754.6357,173.9332,188.97137,0.8243,4,-1,-1
116,-1,248.2053,986.2953,359.6432,198.65918,0.8064,4,-1,-1
116,-1,491.75546,641.4967,192.85733,133.26117,0.7504,4,-1,-1
116,-1,965.02783,576.6733,255.81274,105.3501,0.6969,4,-1,-1
117,-1,589.45355,761.83496,284.19073,170.53638,0.9218,4,-1,-1
117,-1,344.42627,761.1021,160.99509,187.71729,0.8672,4,-1,-1
117,-1,449.30518,639.8764,207.46643,137.37756,0.8624,4,-1,-1
117,-1,864.9628,682.7682,274.0124,151.95276,0.8373,4,-1,-1
117,-1,219.38045,1003.7605,380.15326,209.84106,0.8343,4,-1,-1
117,-1,1426.279,563.18195,228.45703,98.96954,0.8023,4,-1,-1
117,-1,965.0254,577.41943,248.83374,103.003235,0.6991,4,-1,-1
118,-1,309.73297,754.9578,159.30121,200.24799,0.9399,4,-1,-1
118,-1,573.75854,774.67206,296.78937,152.70221,0.916,4,-1,-1
118,-1,433.10742,643.42444,197.76642,139.44012,0.8813,4,-1,-1
118,-1,837.92737,688.08777,277.1753,152.09155,0.8282,4,-1,-1
118,-1,170.38417,998.24365,390.37512,221.93274,0.8113,4,-1,-1
118,-1,953.1051,575.66315,261.85254,106.67407,0.7257,4,-1,-1
119,-1,555.00146,773.7533,297.41315,159.47113,0.9448,4,-1,-1
119,-1,146.24747,994.3739,381.0986,231.6991,0.9105,4,-1,-1
119,-1,285.5372,757.272,170.22559,209.72815,0.9015,4,-1,-1
119,-1,816.61536,687.12897,286.1709,155.19696,0.8388,4,-1,-1
119,-1,417.2357,647.6014,199.84982,132.71912,0.8105,4,-1,-1
119,-1,950.3677,573.95605,262.13098,105.047424,0.6907,4,-1,-1
120,-1,541.2443,765.8844,303.5429,171.18585,0.9359,4,-1,-1
120,-1,806.19104,685.87646,276.23535,160.37158,0.8067,4,-1,-1
120,-1,104.059906,1009.2452,392.86243,228.76825,0.7965,4,-1,-1
120,-1,270.7285,762.175,181.16864,213.92609,0.7744,4,-1,-1
120,-1,1406.7524,542.2994,218.79163,99.90143,0.7621,4,-1,-1
120,-1,419.86957,649.4046,187.00317,132.69257,0.6897,4,-1,-1
120,-1,927.00934,581.3717,280.90814,101.5871,0.6141,4,-1,-1
121,-1,536.0432,768.28204,306.04352,168.51135,0.9441,4,-1,-1
121,-1,806.2811,686.03577,287.50195,150.14148,0.8408,4,-1,-1
121,-1,392.20834,651.00867,215.99228,139.8335,0.8019,4,-1,-1
121,-1,280.6065,771.692,172.49023,194.40442,0.7942,4,-1,-1
121,-1,953.82837,582.39496,281.42834,99.37451,0.7287,4,-1,-1
121,-1,1422.5718,541.9163,213.16504,97.681274,0.7111,4,-1,-1
121,-1,100.94508,1016.1763,390.84607,227.12134,0.6458,4,-1,-1
122,-1,536.0411,766.87335,308.59595,170.23907,0.942,4,-1,-1
122,-1,801.4905,686.3629,292.05078,150.3111,0.8712,4,-1,-1
122,-1,278.88745,777.5414,167.69684,192.81793,0.8362,4,-1,-1
122,-1,1442.2443,540.6923,204.0636,95.74652,0.8308,4,-1,-1
122,-1,393.8201,650.95886,210.88107,140.44153,0.7524,4,-1,-1
122,-1,978.06824,583.47034,271.1609,95.915344,0.7105,4,-1,-1
122,-1,75.28598,1026.1588,346.7662,216.26001,0.6811,4,-1,-1
123,-1,535.6496,767.55536,304.6253,169.92969,0.9414,4,-1,-1
123,-1,795.9324,683.3525,292.02588,160.91974,0.8857,4,-1,-1
123,-1,274.18304,779.2055,170.05142,199.2367,0.8575,4,-1,-1
123,-1,1448.8641,542.86444,201.59631,90.890686,0.825,4,-1,-1
123,-1,1004.2876,578.57666,274.03674,105.44696,0.7201,4,-1,-1
123,-1,67.06523,1019.14246,348.1117,227.35938,0.714,4,-1,-1
123,-1,394.1341,649.7969,209.68164,143.13611,0.7109,4,-1,-1
124,-1,533.368,766.38885,304.48785,170.57,0.9489,4,-1,-1
124,-1,802.0601,681.62177,282.9853,161.13293,0.8834,4,-1,-1
124,-1,277.68155,781.91003,163.87625,196.27423,0.8379,4,-1,-1
124,-1,1460.3853,540.82983,202.0769,90.799805,0.7386,4,-1,-1
124,-1,57.66819,1028.8442,364.13828,233.88208,0.7255,4,-1,-1
124,-1,1004.1402,581.2933,272.11884,110.05591,0.7223,4,-1,-1
124,-1,393.6811,651.702,207.83954,140.19128,0.7049,4,-1,-1
124,-1,60.78871,473.59958,211.02666,133.87515,0.6218,4,-1,-1
125,-1,531.27826,766.9715,305.45337,170.61145,0.9536,4,-1,-1
125,-1,801.5316,678.85394,281.47632,164.51129,0.902,4,-1,-1
125,-1,275.23013,787.2343,165.07812,191.03882,0.8496,4,-1,-1
125,-1,38.74687,1037.797,376.96994,231.19702,0.8101,4,-1,-1
125,-1,1464.9956,539.03424,202.44531,93.30585,0.7984,4,-1,-1
125,-1,391.59827,652.37726,208.53528,140.52563,0.7345,4,-1,-1
125,-1,1038.666,577.0186,251.4784,104.24249,0.696,4,-1,-1
126,-1,530.9598,768.16327,302.27167,169.76971,0.9502,4,-1,-1
126,-1,802.5681,676.4561,279.052,167.04083,0.8677,4,-1,-1
126,-1,271.2907,787.76117,170.33823,193.36902,0.8616,4,-1,-1
126,-1,394.427,649.5116,208.40375,144.57758,0.7949,4,-1,-1
126,-1,1061.9459,579.53796,240.1643,102.95764,0.7878,4,-1,-1
126,-1,50.222862,1038.9893,331.91855,232.34778,0.7662,4,-1,-1
127,-1,532.0464,770.7476,300.09222,167.2851,0.9472,4,-1,-1
127,-1,34.186806,1036.2952,340.68484,244.78247,0.8692,4,-1,-1
127,-1,805.7611,675.2039,277.57532,165.09296,0.855,4,-1,-1
127,-1,269.37067,790.17975,171.28958,193.76074,0.8425,4,-1,-1
127,-1,394.48212,649.6745,206.50787,145.60931,0.8096,4,-1,-1
127,-1,1062.6793,581.83594,259.09912,109.025696,0.6857,4,-1,-1
127,-1,1491.003,531.36554,214.85278,94.97052,0.6461,4,-1,-1
128,-1,529.6214,771.1437,302.37433,168.5893,0.9463,4,-1,-1
128,-1,36.893013,1036.6149,338.51285,252.06787,0.8993,4,-1,-1
128,-1,806.42896,676.79346,274.12915,163.57257,0.8836,4,-1,-1
128,-1,267.22144,791.9799,170.63904,194.198,0.8494,4,-1,-1
128,-1,1509.5569,529.6687,199.0315,93.66376,0.7075,4,-1,-1
128,-1,1089.1628,579.38885,259.52307,108.822876,0.7008,4,-1,-1
128,-1,403.3615,651.82074,196.11444,140.65875,0.6944,4,-1,-1
129,-1,527.1997,769.90063,304.54645,170.26825,0.9452,4,-1,-1
129,-1,807.5958,681.8515,272.53564,156.51654,0.8693,4,-1,-1
129,-1,263.896,794.3571,173.07196,195.13373,0.8556,4,-1,-1
129,-1,22.364792,1046.7078,340.65112,260.75342,0.7374,4,-1,-1
129,-1,401.2987,651.42255,194.48218,142.89111,0.7186,4,-1,-1
129,-1,1099.0587,581.57666,265.10925,107.95734,0.688,4,-1,-1
129,-1,1517.75,528.71436,202.4331,92.82385,0.6492,4,-1,-1
130,-1,523.6896,767.9528,305.1599,171.89337,0.9435,4,-1,-1
130,-1,265.23636,785.54376,176.19086,210.23767,0.9001,4,-1,-1
130,-1,809.5201,682.6484,280.46014,158.45392,0.8994,4,-1,-1
130,-1,23.966303,1057.9141,336.6951,253.2998,0.836,4,-1,-1
130,-1,1094.0364,586.12103,258.4519,101.79657,0.758,4,-1,-1
130,-1,401.05594,654.0884,194.77884,138.84271,0.7181,4,-1,-1
130,-1,1532.6781,524.9599,193.98547,92.5224,0.6295,4,-1,-1
131,-1,521.56244,769.0061,305.85345,170.90363,0.943,4,-1,-1
131,-1,266.0904,787.3607,176.16284,215.69293,0.9189,4,-1,-1
131,-1,807.1265,681.5645,279.89227,160.43396,0.915,4,-1,-1
131,-1,398.48187,648.85065,201.94128,144.6294,0.7946,4,-1,-1
131,-1,17.996847,1055.7926,348.6417,264.09717,0.7885,4,-1,-1
131,-1,1120.3398,582.80743,255.11108,100.78308,0.6566,4,-1,-1
132,-1,520.18225,770.4756,306.11823,170.97955,0.9433,4,-1,-1
132,-1,267.146,797.5265,174.70956,206.41968,0.9285,4,-1,-1
132,-1,804.1685,681.4226,279.79352,158.50513,0.872,4,-1,-1
132,-1,399.7257,650.0481,200.45648,145.92365,0.7856,4,-1,-1
132,-1,15.974064,1065.0161,328.71487,261.80457,0.7464,4,-1,-1
132,-1,1146.6088,584.39636,233.86902,98.048645,0.7172,4,-1,-1
133,-1,520.08655,771.3479,301.57812,171.28088,0.9462,4,-1,-1
133,-1,267.62845,798.81903,176.17255,209.24103,0.9217,4,-1,-1
133,-1,802.38354,685.6742,278.7616,156.5899,0.9076,4,-1,-1
133,-1,396.60474,648.48267,202.8675,146.57758,0.7936,4,-1,-1
133,-1,1172.1162,581.5901,227.4862,102.0022,0.7373,4,-1,-1
134,-1,521.60095,772.54254,295.1496,169.77905,0.9338,4,-1,-1
134,-1,266.06088,806.4096,178.00192,204.04572,0.9147,4,-1,-1
134,-1,805.17316,687.4355,275.597,156.6217,0.8874,4,-1,-1
134,-1,394.02567,647.05963,203.84317,146.50604,0.7968,4,-1,-1
134,-1,1181.6418,576.92676,223.1792,102.83789,0.7361,4,-1,-1
135,-1,518.7785,772.71246,296.58453,168.9458,0.9351,4,-1,-1
135,-1,265.00797,811.87427,176.49744,200.01678,0.9162,4,-1,-1
135,-1,807.31525,688.4374,271.43073,153.3786,0.8903,4,-1,-1
135,-1,394.89352,647.75446,202.51584,144.4909,0.8012,4,-1,-1
135,-1,1193.6417,579.83136,237.10803,104.29816,0.788,4,-1,-1
136,-1,515.13525,775.7382,295.51184,167.18573,0.9404,4,-1,-1
136,-1,261.53098,810.4766,184.55942,209.28607,0.905,4,-1,-1
136,-1,798.23895,689.4889,294.79388,148.46771,0.9022,4,-1,-1
136,-1,1215.1938,579.4548,238.23315,103.20184,0.814,4,-1,-1
136,-1,395.43347,642.83234,194.96613,147.33136,0.7853,4,-1,-1
137,-1,511.7807,775.1131,303.05054,167.48444,0.9476,4,-1,-1
137,-1,799.1379,689.5272,291.34906,146.6308,0.9331,4,-1,-1
137,-1,262.6051,811.67535,183.32333,208.92188,0.8846,4,-1,-1
137,-1,398.48,641.56116,192.61276,151.79297,0.7619,4,-1,-1
137,-1,1238.4822,581.7981,222.15564,94.011536,0.749,4,-1,-1
138,-1,512.1553,774.42566,299.00433,167.44495,0.9494,4,-1,-1
138,-1,800.24835,686.7723,284.80072,153.40387,0.9408,4,-1,-1
138,-1,265.58905,817.24695,180.1666,205.96893,0.8883,4,-1,-1
138,-1,1246.3816,577.22363,229.52075,101.32477,0.8364,4,-1,-1
138,-1,400.95007,637.4018,186.86377,154.94232,0.7852,4,-1,-1
139,-1,799.37976,680.49945,292.11023,160.43958,0.9567,4,-1,-1
139,-1,510.8768,775.96857,298.90958,167.33801,0.9421,4,-1,-1
139,-1,258.96533,813.95483,190.65143,215.79175,0.8947,4,-1,-1
139,-1,398.9919,639.48694,190.81638,152.48987,0.8366,4,-1,-1
139,-1,1240.2837,573.90546,243.06592,107.80127,0.7956,4,-1,-1
140,-1,508.16095,773.74243,299.64307,169.72772,0.9421,4,-1,-1
140,-1,793.09155,689.4181,297.39148,151.88782,0.9391,4,-1,-1
140,-1,259.43604,821.1879,190.24826,209.58649,0.8573,4,-1,-1
140,-1,400.52133,647.1861,192.52493,144.37305,0.8085,4,-1,-1
140,-1,1260.3252,574.0334,240.70862,103.0014,0.7916,4,-1,-1
141,-1,508.05978,778.0283,298.76962,167.43481,0.9461,4,-1,-1
141,-1,801.2131,687.9205,288.52765,153.73541,0.8811,4,-1,-1
141,-1,1278.4122,574.8594,238.07776,99.838196,0.8518,4,-1,-1
141,-1,256.9517,826.1189,188.77438,208.06665,0.8415,4,-1,-1
141,-1,395.52704,642.69476,196.021,152.08087,0.8364,4,-1,-1
142,-1,506.5603,777.3814,290.46448,170.24628,0.9387,4,-1,-1
142,-1,796.9511,680.50104,281.23212,159.18463,0.885,4,-1,-1
142,-1,254.01482,823.90594,186.79204,211.28497,0.8624,4,-1,-1
142,-1,1290.322,575.6339,243.61682,97.89697,0.7897,4,-1,-1
142,-1,394.46524,638.59375,187.91147,155.06232,0.7016,4,-1,-1
143,-1,509.15442,787.91437,288.9154,155.04755,0.926,4,-1,-1
143,-1,248.7656,826.10266,189.5643,212.97827,0.8973,4,-1,-1
143,-1,380.71878,641.6761,199.34988,155.22888,0.8791,4,-1,-1
143,-1,789.9548,686.27704,310.638,156.8388,0.862,4,-1,-1
143,-1,1311.8318,572.64105,237.22754,100.903564,0.7714,4,-1,-1
144,-1,497.41196,786.4139,290.81564,159.98041,0.9583,4,-1,-1
144,-1,243.92625,838.8754,170.88655,205.63007,0.9381,4,-1,-1
144,-1,774.7167,689.4203,303.302,150.95856,0.9245,4,-1,-1
144,-1,364.3708,644.13513,197.40918,151.10248,0.8112,4,-1,-1
144,-1,1311.0101,571.6253,231.81165,98.736755,0.7806,4,-1,-1
145,-1,474.66882,785.93335,297.1579,167.56659,0.9725,4,-1,-1
145,-1,225.90204,850.44574,173.5275,205.01483,0.9504,4,-1,-1
145,-1,762.6482,692.77,292.31262,154.52399,0.9158,4,-1,-1
145,-1,1311.0728,570.4351,223.95117,96.50757,0.7733,4,-1,-1
145,-1,90.24459,494.88815,212.315,99.2045,0.7225,4,-1,-1
145,-1,343.64392,653.0551,214.04749,150.58429,0.6904,4,-1,-1
146,-1,446.96063,786.925,304.0667,173.20789,0.9621,4,-1,-1
146,-1,738.52374,683.2809,297.82635,165.53564,0.9209,4,-1,-1
146,-1,206.75606,851.824,179.04372,216.64221,0.8475,4,-1,-1
146,-1,72.625,496.48288,214.98639,101.09268,0.7746,4,-1,-1
146,-1,1307.0669,568.3105,228.57361,98.25299,0.7536,4,-1,-1
146,-1,322.92194,652.46576,217.99811,150.01593,0.6409,4,-1,-1
147,-1,427.64813,789.05,303.87653,172.28955,0.9481,4,-1,-1
147,-1,728.2009,691.2057,276.69373,151.25543,0.8691,4,-1,-1
147,-1,305.80396,652.40436,215.30157,151.57086,0.8399,4,-1,-1
147,-1,182.2102,856.8081,196.57013,214.19849,0.8264,4,-1,-1
147,-1,1306.367,567.9598,225.03247,97.26776,0.6747,4,-1,-1
147,-1,55.65013,500.6896,204.38805,107.886566,0.6117,4,-1,-1
148,-1,426.79208,797.4708,298.90585,170.03088,0.9317,4,-1,-1
148,-1,709.03375,695.6958,299.65405,143.45508,0.8997,4,-1,-1
148,-1,289.57843,659.82153,219.1741,147.13293,0.8841,4,-1,-1
148,-1,170.79596,872.0411,180.3956,207.62311,0.8618,4,-1,-1
148,-1,1304.2792,567.1993,231.50647,93.188416,0.6201,4,-1,-1
149,-1,413.03333,796.652,300.65674,174.75934,0.9402,4,-1,-1
149,-1,689.8844,697.3898,292.27087,146.73401,0.9355,4,-1,-1
149,-1,153.22029,881.17834,184.52238,203.25903,0.9352,4,-1,-1
149,-1,266.0459,668.0088,209.5032,142.85828,0.826,4,-1,-1
149,-1,1305.4564,566.1859,229.4137,95.164,0.6226,4,-1,-1
150,-1,390.3877,795.2083,314.71802,181.3924,0.9272,4,-1,-1
150,-1,135.77277,880.4927,187.80145,213.6759,0.9043,4,-1,-1
150,-1,676.43286,698.22766,298.16663,146.5747,0.8899,4,-1,-1
150,-1,250.38019,656.8972,223.28564,155.2074,0.7582,4,-1,-1
150,-1,28.81693,631.3065,157.37843,155.58746,0.6808,4,-1,-1
151,-1,375.89575,793.38477,314.49078,184.2685,0.9443,4,-1,-1
151,-1,668.8903,699.5894,292.44,145.104,0.8978,4,-1,-1
151,-1,124.00279,885.2849,194.94359,223.7196,0.8617,4,-1,-1
151,-1,248.852,663.7337,220.81114,154.91443,0.8234,4,-1,-1
151,-1,23.205706,640.0913,150.41185,155.74432,0.7013,4,-1,-1
152,-1,375.80734,794.4398,301.08487,179.8034,0.9448,4,-1,-1
152,-1,659.5383,697.2607,297.924,152.52594,0.935,4,-1,-1
152,-1,116.8307,889.44946,202.93806,228.68628,0.8502,4,-1,-1
152,-1,237.22911,659.19183,217.6917,160.28357,0.8331,4,-1,-1
153,-1,370.65094,795.74316,307.57257,181.74841,0.9102,4,-1,-1
153,-1,656.8324,695.5624,306.45288,156.42609,0.9027,4,-1,-1
153,-1,114.83709,894.2309,208.20187,222.4201,0.8738,4,-1,-1
153,-1,243.78209,667.2567,216.4651,154.05695,0.8479,4,-1,-1
154,-1,369.85596,793.9108,307.0346,187.31976,0.9097,4,-1,-1
154,-1,115.69328,898.42206,207.97624,220.09174,0.8786,4,-1,-1
154,-1,661.14154,701.51697,301.1521,144.7536,0.8635,4,-1,-1
154,-1,237.98712,664.4162,217.34134,157.87445,0.8262,4,-1,-1
155,-1,364.8658,794.15796,308.8356,188.89624,0.9223,4,-1,-1
155,-1,657.49194,699.11957,302.68073,149.69171,0.9067,4,-1,-1
155,-1,117.138405,899.1185,211.29532,220.56409,0.8739,4,-1,-1
155,-1,244.2555,671.728,212.67859,150.34247,0.842,4,-1,-1
155,-1,16.780588,519.67523,192.53235,111.89111,0.6886,4,-1,-1
155,-1,1343.6127,553.03436,230.91772,95.929565,0.6203,4,-1,-1
156,-1,363.60815,795.0107,311.34833,188.1319,0.9131,4,-1,-1
156,-1,122.302124,907.05865,211.19244,211.20221,0.8937,4,-1,-1
156,-1,662.59515,701.11664,296.6601,150.6413,0.8459,4,-1,-1
156,-1,247.08554,669.0688,205.5928,154.30121,0.7991,4,-1,-1
157,-1,656.64606,703.57806,302.0854,150.55835,0.9247,4,-1,-1
157,-1,352.87302,794.5514,330.35165,187.24329,0.9009,4,-1,-1
157,-1,245.82953,672.1177,208.46683,148.60669,0.8853,4,-1,-1
157,-1,121.586464,909.1255,218.62418,210.29639,0.8683,4,-1,-1
157,-1,12.257544,640.2937,159.27962,166.01434,0.6318,4,-1,-1
158,-1,652.42316,702.4211,307.02533,153.64935,0.9427,4,-1,-1
158,-1,356.95215,797.11676,323.8034,185.41168,0.9163,4,-1,-1
158,-1,243.7669,668.13464,213.12616,155.33112,0.8746,4,-1,-1
158,-1,131.42705,917.2401,213.19331,199.72266,0.8646,4,-1,-1
158,-1,9.320926,638.075,157.37003,175.88843,0.7203,4,-1,-1
158,-1,24.145506,521.9769,200.3248,116.26666,0.6514,4,-1,-1
159,-1,358.43185,800.4087,322.38004,182.60864,0.9251,4,-1,-1
159,-1,651.56726,704.2226,314.25952,149.1502,0.9081,4,-1,-1
159,-1,239.1116,668.0935,219.20242,156.77673,0.8883,4,-1,-1
159,-1,135.48964,917.4856,217.33379,206.93884,0.8814,4,-1,-1
159,-1,10.765756,638.9226,157.22563,182.0503,0.6894,4,-1,-1
159,-1,21.659084,527.55396,199.7451,113.58154,0.6852,4,-1,-1
160,-1,357.56683,801.3668,322.82794,181.67108,0.9302,4,-1,-1
160,-1,243.06757,670.47174,218.9797,155.2348,0.8984,4,-1,-1
160,-1,655.12177,698.5345,308.28973,156.32764,0.8978,4,-1,-1
160,-1,132.30475,924.3523,225.49875,207.9961,0.88,4,-1,-1
160,-1,10.464437,637.4887,158.10503,186.22192,0.6483,4,-1,-1
161,-1,358.84738,800.78156,322.67337,182.18286,0.9305,4,-1,-1
161,-1,650.3257,694.6803,317.34216,162.69171,0.9197,4,-1,-1
161,-1,129.21205,919.0092,240.63905,200.15912,0.9114,4,-1,-1
161,-1,245.08167,672.06036,214.9591,155.53906,0.8836,4,-1,-1
161,-1,12.453389,650.4853,148.4987,176.0036,0.69,4,-1,-1
161,-1,1434.992,536.36566,208.12769,94.61615,0.6146,4,-1,-1
162,-1,357.05426,800.2021,322.89807,183.58112,0.9337,4,-1,-1
162,-1,130.14743,928.6548,237.86285,202.12952,0.9297,4,-1,-1
162,-1,655.04675,699.9084,309.92896,157.0935,0.9286,4,-1,-1
162,-1,250.04523,677.121,206.9433,148.20953,0.9114,4,-1,-1
162,-1,14.420402,660.7875,148.45197,173.2334,0.6865,4,-1,-1
163,-1,654.30566,700.75256,313.11932,157.34021,0.9476,4,-1,-1
163,-1,133.15836,931.6048,243.36536,205.2575,0.9396,4,-1,-1
163,-1,355.99097,799.7739,324.81866,184.3399,0.9335,4,-1,-1
163,-1,249.01907,676.98694,207.11047,148.02002,0.9194,4,-1,-1
163,-1,9.516596,659.6713,152.59596,181.76312,0.708,4,-1,-1
164,-1,141.76595,933.7579,245.61394,204.0755,0.9523,4,-1,-1
164,-1,646.54663,697.9673,320.67633,160.55756,0.9362,4,-1,-1
164,-1,356.88858,800.64014,323.28848,183.34094,0.9318,4,-1,-1
164,-1,249.19872,679.1455,207.21263,145.35773,0.9046,4,-1,-1
165,-1,145.1685,936.11487,247.95522,200.7157,0.9409,4,-1,-1
165,-1,356.81256,800.75494,322.19598,183.20581,0.9356,4,-1,-1
165,-1,248.43536,682.7666,208.84552,141.3446,0.9124,4,-1,-1
165,-1,653.046,698.4371,313.07245,160.52747,0.9115,4,-1,-1
166,-1,658.7463,700.75507,313.66602,162.9347,0.9391,4,-1,-1
166,-1,358.5182,800.8846,316.29712,183.0191,0.933,4,-1,-1
166,-1,241.68674,676.8837,222.92969,147.00159,0.9305,4,-1,-1
166,-1,153.71414,938.4695,247.52023,203.8241,0.9046,4,-1,-1
167,-1,238.83803,665.519,223.19835,153.96301,0.9256,4,-1,-1
167,-1,366.83286,793.2933,300.954,185.93396,0.9161,4,-1,-1
167,-1,156.2551,927.9662,254.49469,200.1106,0.8879,4,-1,-1
167,-1,653.90063,694.42334,312.2467,153.24023,0.8609,4,-1,-1
167,-1,13.841667,659.54675,146.38751,184.0943,0.6361,4,-1,-1
167,-1,44.658665,522.17084,196.06927,117.795105,0.6144,4,-1,-1
168,-1,362.54495,785.1496,309.16544,179.85059,0.9532,4,-1,-1
168,-1,241.3083,652.5328,228.75215,152.69666,0.8991,4,-1,-1
168,-1,156.8375,909.8162,273.3315,209.74615,0.8417,4,-1,-1
168,-1,655.1877,677.0229,320.15277,168.28906,0.8232,4,-1,-1
168,-1,15.892658,652.566,148.0043,176.8667,0.6416,4,-1,-1
169,-1,363.51382,768.56775,310.6707,179.94849,0.9458,4,-1,-1
169,-1,658.17676,668.1498,303.3518,157.47278,0.9249,4,-1,-1
169,-1,242.2158,635.92535,214.8467,153.68457,0.8803,4,-1,-1
169,-1,156.25224,900.92645,255.40468,209.04242,0.8146,4,-1,-1
169,-1,15.260807,641.3616,151.32356,167.14069,0.7045,4,-1,-1
170,-1,367.72516,751.2011,299.00464,178.54248,0.9405,4,-1,-1
170,-1,235.21732,618.0538,234.45718,154.45068,0.938,4,-1,-1
170,-1,149.21002,885.2669,294.04028,204.8775,0.9151,4,-1,-1
170,-1,655.7374,653.31573,317.44104,145.98346,0.883,4,-1,-1
170,-1,18.695324,623.2622,141.06805,182.40936,0.6378,4,-1,-1
171,-1,367.2015,731.27386,308.60007,180.75873,0.9513,4,-1,-1
171,-1,230.89613,593.94434,233.42635,157.30188,0.9402,4,-1,-1
171,-1,154.8352,860.786,303.74063,202.9253,0.9203,4,-1,-1
171,-1,660.4539,636.6218,307.24084,151.74744,0.8665,4,-1,-1
171,-1,15.007343,605.2745,152.42221,177.83032,0.7628,4,-1,-1
172,-1,161.1662,845.7564,297.0743,199.21991,0.9572,4,-1,-1
172,-1,230.1681,577.69226,241.42854,154.11499,0.9473,4,-1,-1
172,-1,368.8334,711.2222,299.78836,179.66675,0.9427,4,-1,-1
172,-1,645.7113,607.9062,325.20142,156.1784,0.916,4,-1,-1
172,-1,19.039476,578.8308,143.53107,192.60876,0.7348,4,-1,-1
172,-1,51.35585,441.13516,200.01839,114.49881,0.6309,4,-1,-1
173,-1,368.761,692.59515,304.18054,177.61127,0.9497,4,-1,-1
173,-1,658.265,595.22626,300.10864,153.38666,0.9444,4,-1,-1
173,-1,230.7982,555.6033,233.34319,157.32544,0.9431,4,-1,-1
173,-1,165.58075,820.97406,308.77625,204.1181,0.9201,4,-1,-1
173,-1,15.648558,566.02716,151.41208,183.66083,0.809,4,-1,-1
174,-1,170.80923,808.83453,312.46265,197.46075,0.9586,4,-1,-1
174,-1,369.71967,670.7556,297.0868,178.59326,0.952,4,-1,-1
174,-1,226.09464,538.57623,247.30313,148.7002,0.9464,4,-1,-1
174,-1,649.8023,568.1384,312.91333,151.3794,0.9033,4,-1,-1
174,-1,12.486038,536.27356,151.58768,202.66443,0.715,4,-1,-1
175,-1,222.2146,518.7909,241.73862,149.51178,0.9525,4,-1,-1
175,-1,368.8968,650.31085,303.20807,178.25494,0.9487,4,-1,-1
175,-1,197.21574,797.37646,285.6363,193.22626,0.9367,4,-1,-1
175,-1,663.53546,552.6802,287.09106,149.06982,0.9254,4,-1,-1
175,-1,15.479082,528.41394,151.31932,183.58319,0.8432,4,-1,-1
176,-1,223.60445,503.57605,253.86357,151.1947,0.9513,4,-1,-1
176,-1,378.66483,635.0594,288.45377,175.5766,0.9495,4,-1,-1
176,-1,209.53279,785.13586,289.63562,200.53595,0.9198,4,-1,-1
176,-1,658.85864,534.8511,288.88507,141.45514,0.8995,4,-1,-1
176,-1,12.50544,516.2605,164.24051,180.66956,0.8228,4,-1,-1
177,-1,223.22273,497.7829,251.84956,149.97925,0.9522,4,-1,-1
177,-1,374.7363,632.96356,290.8749,173.47522,0.9482,4,-1,-1
177,-1,212.29091,781.77783,298.78912,199.22656,0.9164,4,-1,-1
177,-1,651.7671,524.78265,299.53375,150.88422,0.8605,4,-1,-1
177,-1,12.146938,511.31216,164.49165,182.34921,0.7628,4,-1,-1
178,-1,220.86772,497.53903,256.72272,147.40768,0.9503,4,-1,-1
178,-1,374.4325,632.83716,288.97894,167.57654,0.947,4,-1,-1
178,-1,219.22449,775.83264,308.0916,201.85254,0.9172,4,-1,-1
178,-1,655.61017,519.99286,293.98096,166.92749,0.8434,4,-1,-1
178,-1,8.7629595,513.4466,166.43843,180.03687,0.7789,4,-1,-1
179,-1,363.55914,627.3484,306.60992,176.36865,0.9463,4,-1,-1
179,-1,212.401,494.29276,263.9701,149.49539,0.9378,4,-1,-1
179,-1,226.09126,779.1492,308.48688,197.12439,0.924,4,-1,-1
179,-1,653.61145,523.9685,302.5194,158.38354,0.8703,4,-1,-1
179,-1,8.76656,512.4992,168.29485,179.04688,0.8096,4,-1,-1
180,-1,234.40738,780.33984,315.18478,198.38849,0.9311,4,-1,-1
180,-1,363.1313,629.6966,302.39575,173.78168,0.9287,4,-1,-1
180,-1,212.08968,487.77435,262.01837,155.73114,0.9206,4,-1,-1
180,-1,653.3616,525.0948,301.27173,157.65741,0.8978,4,-1,-1
180,-1,9.985182,517.88635,166.01138,177.9657,0.8547,4,-1,-1
181,-1,242.69714,776.34094,319.72644,203.7768,0.9241,4,-1,-1
181,-1,219.64516,490.0927,250.91887,155.6878,0.9208,4,-1,-1
181,-1,357.7296,632.3022,305.53168,172.71185,0.8996,4,-1,-1
181,-1,7.6733365,519.2558,166.13875,177.1059,0.8694,4,-1,-1
181,-1,657.9977,522.0341,295.93506,160.48236,0.8533,4,-1,-1
182,-1,241.16968,783.6615,319.2835,202.76105,0.9451,4,-1,-1
182,-1,221.21057,500.442,254.4989,146.65164,0.9392,4,-1,-1
182,-1,360.97147,637.2842,296.45444,171.65424,0.8922,4,-1,-1
182,-1,649.69666,521.33636,303.77838,166.03088,0.8703,4,-1,-1
182,-1,1.2853532,517.7391,168.71536,191.03546,0.8655,4,-1,-1
182,-1,80.093994,359.83133,205.21967,110.37808,0.6539,4,-1,-1
183,-1,260.34833,798.9024,314.62183,202.58221,0.96,4,-1,-1
183,-1,217.28696,512.457,256.36517,143.82281,0.9576,4,-1,-1
183,-1,654.1045,537.20984,291.5138,144.98932,0.9217,4,-1,-1
183,-1,358.28354,649.43494,305.68942,166.92407,0.8723,4,-1,-1
183,-1,1.436383,531.89374,162.4927,192.38763,0.8358,4,-1,-1
183,-1,74.182976,366.40656,216.10333,114.07431,0.8327,4,-1,-1
184,-1,259.71057,811.13794,324.3155,213.10583,0.9498,4,-1,-1
184,-1,211.3846,523.3655,257.36328,144.90448,0.9453,4,-1,-1
184,-1,659.0771,556.34644,274.16248,141.61761,0.93,4,-1,-1
184,-1,360.0172,659.91095,295.20813,167.03821,0.9056,4,-1,-1
184,-1,69.58819,377.4058,219.53482,120.22443,0.7816,4,-1,-1
184,-1,-0.91069007,539.3412,162.14828,203.59436,0.7699,4,-1,-1
185,-1,253.83994,830.1604,328.06485,209.92908,0.9608,4,-1,-1
185,-1,221.35571,532.969,250.30283,146.93976,0.9265,4,-1,-1
185,-1,357.79773,674.5042,291.82617,169.96509,0.8803,4,-1,-1
185,-1,0.8864422,552.8595,170.85866,197.26398,0.8433,4,-1,-1
185,-1,651.05054,566.3238,286.81995,152.73065,0.8376,4,-1,-1
185,-1,78.28538,390.48486,218.76816,115.87189,0.763,4,-1,-1
186,-1,222.87534,557.3953,253.07898,148.4295,0.9516,4,-1,-1
186,-1,268.2872,854.65204,332.4913,218.81744,0.9409,4,-1,-1
186,-1,66.665825,409.3679,229.92203,122.42325,0.9154,4,-1,-1
186,-1,644.41583,587.94617,303.36224,142.93115,0.9146,4,-1,-1
186,-1,356.43613,703.50146,297.03244,158.08752,0.8784,4,-1,-1
186,-1,-4.293563,577.3321,171.26915,202.84222,0.8087,4,-1,-1
187,-1,278.78992,872.4588,336.91888,214.89362,0.9552,4,-1,-1
187,-1,226.51717,580.91626,250.84279,148.50775,0.9458,4,-1,-1
187,-1,71.099754,439.08728,223.27286,114.637146,0.8945,4,-1,-1
187,-1,363.74268,720.91425,289.1344,165.33087,0.8762,4,-1,-1
187,-1,640.05884,606.96375,310.7129,154.53784,0.847,4,-1,-1
187,-1,-6.8202095,598.41284,180.60208,201.73157,0.81,4,-1,-1
188,-1,292.39395,899.5321,321.6351,216.68494,0.9553,4,-1,-1
188,-1,641.47186,631.5067,305.70404,144.3252,0.9256,4,-1,-1
188,-1,222.77457,609.11896,249.71622,143.85175,0.9227,4,-1,-1
188,-1,353.94858,749.2973,284.8577,159.1582,0.9223,4,-1,-1
188,-1,63.170982,462.34653,238.962,120.95871,0.8554,4,-1,-1
188,-1,-9.171749,628.2405,187.57141,200.40234,0.7152,4,-1,-1
189,-1,300.68384,933.0548,324.40588,213.01953,0.9613,4,-1,-1
189,-1,229.41719,632.63574,247.11644,141.04254,0.9554,4,-1,-1
189,-1,73.25816,484.65527,235.85625,117.60889,0.9258,4,-1,-1
189,-1,645.9966,658.7482,294.74866,137.25555,0.9072,4,-1,-1
189,-1,336.97043,767.4528,292.81808,163.87427,0.8644,4,-1,-1
189,-1,-4.0759926,649.8962,167.70718,201.2182,0.6769,4,-1,-1
190,-1,307.27637,959.17236,330.41016,211.53723,0.9741,4,-1,-1
190,-1,342.5315,794.2079,287.20013,162.82477,0.9451,4,-1,-1
190,-1,642.48694,685.0136,302.72882,139.32141,0.9281,4,-1,-1
190,-1,222.82916,651.2039,252.60873,147.53778,0.9026,4,-1,-1
190,-1,80.29955,506.0463,218.92047,119.416534,0.8345,4,-1,-1
190,-1,-14.366053,670.55853,185.90121,207.41327,0.7027,4,-1,-1
191,-1,306.7169,978.5995,334.39755,217.27478,0.968,4,-1,-1
191,-1,224.7021,676.33453,246.26878,140.3186,0.9626,4,-1,-1
191,-1,639.15265,703.1274,293.9428,135.7525,0.953,4,-1,-1
191,-1,325.0313,805.5739,295.92603,170.67212,0.913,4,-1,-1
191,-1,79.47078,532.3148,227.23378,113.77985,0.8677,4,-1,-1
192,-1,317.2341,983.1964,332.3163,220.35828,0.9707,4,-1,-1
192,-1,223.65456,677.96924,249.00084,139.49292,0.9601,4,-1,-1
192,-1,320.06418,807.8748,300.99936,171.83331,0.9312,4,-1,-1
192,-1,635.61456,700.19507,304.8709,142.55048,0.9307,4,-1,-1
192,-1,84.30425,534.81793,225.39539,113.90588,0.8278,4,-1,-1
193,-1,321.1925,987.5438,345.53046,221.40356,0.9727,4,-1,-1
193,-1,222.00449,678.3329,251.0149,138.85602,0.9598,4,-1,-1
193,-1,320.19003,807.9356,293.43057,172.05463,0.9459,4,-1,-1
193,-1,639.0691,704.32336,303.03613,135.98364,0.9264,4,-1,-1
193,-1,91.80418,532.9186,219.80923,114.76074,0.7725,4,-1,-1
194,-1,331.12744,991.1672,342.61298,225.7763,0.961,4,-1,-1
194,-1,219.23584,677.98016,252.96487,137.94672,0.9579,4,-1,-1
194,-1,638.25793,701.5019,296.64856,138.43903,0.9356,4,-1,-1
194,-1,313.6116,808.6713,295.99313,172.27887,0.9292,4,-1,-1
194,-1,98.74397,531.4054,216.82506,119.27582,0.8017,4,-1,-1
195,-1,353.16888,989.1318,340.41833,225.1629,0.9727,4,-1,-1
195,-1,222.4132,677.5268,245.86507,136.98315,0.9563,4,-1,-1
195,-1,310.16644,807.96106,299.1068,175.48688,0.9415,4,-1,-1
195,-1,628.44556,701.8154,305.00793,139.97302,0.9413,4,-1,-1
195,-1,101.35319,533.5835,214.6081,118.74249,0.7603,4,-1,-1
196,-1,364.3872,997.5649,337.0641,222.46234,0.9738,4,-1,-1
196,-1,220.56274,676.3908,248.30649,135.76892,0.958,4,-1,-1
196,-1,629.2825,706.31805,296.7461,136.48083,0.9561,4,-1,-1
196,-1,305.50177,808.0082,302.6718,175.294,0.9433,4,-1,-1
196,-1,102.68406,532.5142,214.36786,121.03766,0.7626,4,-1,-1
197,-1,377.89084,1003.2556,331.11935,229.28784,0.9717,4,-1,-1
197,-1,627.1594,706.08636,298.33118,136.2799,0.9622,4,-1,-1
197,-1,223.64233,674.4927,249.90909,136.18927,0.9576,4,-1,-1
197,-1,301.6176,809.6663,298.0345,177.00311,0.9304,4,-1,-1
197,-1,102.74192,534.33295,217.13461,120.183105,0.716,4,-1,-1
198,-1,400.90875,1007.7929,327.5454,224.68768,0.9576,4,-1,-1
198,-1,308.25476,805.6222,300.63074,179.68018,0.947,4,-1,-1
198,-1,630.67914,694.14307,306.47723,146.7627,0.938,4,-1,-1
198,-1,233.77171,675.20764,243.79845,135.36914,0.9251,4,-1,-1
198,-1,-21.88892,706.11017,189.42819,209.14282,0.684,4,-1,-1
198,-1,115.467865,532.82043,207.1951,118.918335,0.6096,4,-1,-1
199,-1,434.6228,1007.69543,334.8335,227.00818,0.9633,4,-1,-1
199,-1,258.5388,667.1497,243.58667,133.23279,0.9474,4,-1,-1
199,-1,19.629852,702.7584,160.83221,204.02911,0.9448,4,-1,-1
199,-1,328.66406,807.1574,294.26508,177.302,0.9378,4,-1,-1
199,-1,637.745,688.60236,298.8886,157.97363,0.9112,4,-1,-1
199,-1,150.13255,533.2873,199.9999,115.50458,0.7506,4,-1,-1
200,-1,487.88998,1001.73016,328.3978,236.3305,0.9553,4,-1,-1
200,-1,691.3522,695.8118,290.03973,141.7702,0.9516,4,-1,-1
200,-1,302.52542,658.8917,246.57169,141.87872,0.9224,4,-1,-1
200,-1,362.47983,800.43964,299.49435,180.06561,0.9176,4,-1,-1
200,-1,45.870277,703.78955,180.42297,189.68079,0.8974,4,-1,-1
200,-1,191.90082,525.1412,198.98993,116.595215,0.6178,4,-1,-1
201,-1,542.56415,1004.4336,344.0291,236.9519,0.9546,4,-1,-1
201,-1,108.609436,706.9818,166.65912,182.6914,0.949,4,-1,-1
201,-1,727.97217,689.79565,289.07233,149.48108,0.9332,4,-1,-1
201,-1,357.42352,654.91626,233.28204,137.30762,0.9168,4,-1,-1
201,-1,417.18854,796.23334,288.77496,179.02466,0.9023,4,-1,-1
201,-1,255.63219,518.26654,202.27763,118.198,0.6382,4,-1,-1
202,-1,614.82947,1007.14325,334.0667,235.04535,0.9618,4,-1,-1
202,-1,170.83449,695.51935,164.94572,188.76263,0.96,4,-1,-1
202,-1,415.84875,650.22723,222.75018,137.83557,0.959,4,-1,-1
202,-1,462.93604,796.91235,282.97968,177.60657,0.9404,4,-1,-1
202,-1,779.53174,695.2687,309.56445,139.08026,0.933,4,-1,-1
202,-1,320.31177,510.49445,197.26459,116.93506,0.6309,4,-1,-1
203,-1,837.378,694.1437,299.07465,138.39526,0.9684,4,-1,-1
203,-1,683.7459,1008.6883,329.3261,236.0727,0.9622,4,-1,-1
203,-1,236.02443,680.41614,159.31969,195.0542,0.9501,4,-1,-1
203,-1,479.18683,643.5027,219.66925,136.11041,0.95,4,-1,-1
203,-1,518.0068,796.78015,280.1399,167.2663,0.9468,4,-1,-1
204,-1,737.5856,995.4687,343.90295,255.90924,0.9614,4,-1,-1
204,-1,888.59155,693.45135,290.93787,144.03436,0.9525,4,-1,-1
204,-1,298.15042,673.16144,164.51297,194.53656,0.9207,4,-1,-1
204,-1,579.8289,798.59906,285.66663,161.85516,0.919,4,-1,-1
204,-1,539.42255,638.9877,225.16943,133.89197,0.9138,4,-1,-1
205,-1,807.358,1000.4295,344.27667,255.40228,0.9726,4,-1,-1
205,-1,642.82526,793.25977,271.29773,160.43298,0.95,4,-1,-1
205,-1,946.15686,693.22003,290.78296,144.37195,0.9473,4,-1,-1
205,-1,610.8947,632.3337,217.67346,136.20844,0.8901,4,-1,-1
205,-1,364.50684,670.1239,166.7135,190.58057,0.8817,4,-1,-1
206,-1,878.49524,1003.3632,344.8744,260.09406,0.9683,4,-1,-1
206,-1,702.3131,781.9042,270.81653,167.04993,0.9583,4,-1,-1
206,-1,672.94464,623.276,229.99304,140.98846,0.9171,4,-1,-1
206,-1,998.635,688.7133,289.91858,144.104,0.9094,4,-1,-1
206,-1,433.64587,673.2141,160.21704,180.49902,0.8477,4,-1,-1
206,-1,-19.115845,1141.975,293.48383,231.62708,0.6402,4,-1,-1
207,-1,952.96136,1009.16675,343.14777,269.01965,0.97,4,-1,-1
207,-1,760.7188,779.017,270.98224,168.37201,0.9593,4,-1,-1
207,-1,1073.6669,696.7204,284.38318,129.00507,0.9256,4,-1,-1
207,-1,740.1134,616.8222,226.42987,144.60876,0.8734,4,-1,-1
207,-1,500.97717,668.19965,161.55896,174.5257,0.8194,4,-1,-1
207,-1,-28.264492,1122.4052,348.01868,230.03662,0.782,4,-1,-1
208,-1,1023.7319,1014.0724,346.18915,277.32153,0.9654,4,-1,-1
208,-1,818.9682,778.04895,266.1192,164.70691,0.9566,4,-1,-1
208,-1,1130.3107,699.18774,288.77246,128.88641,0.9561,4,-1,-1
208,-1,808.4102,616.5815,220.93317,139.33344,0.8479,4,-1,-1
208,-1,-29.520416,1114.0835,437.17352,229.41235,0.8338,4,-1,-1
208,-1,563.6014,659.1544,167.74487,179.53918,0.7635,4,-1,-1
209,-1,1184.3058,699.7373,290.82886,133.63733,0.9677,4,-1,-1
209,-1,1104.5358,1029.3254,337.92944,272.71948,0.9638,4,-1,-1
209,-1,20.363056,1092.0856,481.5359,247.03064,0.9448,4,-1,-1
209,-1,877.24493,779.2897,260.0103,165.32361,0.926,4,-1,-1
209,-1,881.20874,613.2417,215.19421,142.73651,0.8189,4,-1,-1
209,-1,631.2277,664.45715,161.64642,172.75287,0.7061,4,-1,-1
210,-1,1167.9326,1031.5988,341.58936,289.50952,0.9598,4,-1,-1
210,-1,96.56933,1085.186,459.62958,225.75537,0.9552,4,-1,-1
210,-1,1257.4982,702.1773,273.2002,126.0824,0.9512,4,-1,-1
210,-1,936.1011,784.5515,265.35107,156.76215,0.9326,4,-1,-1
210,-1,937.8176,612.16144,211.74304,147.17865,0.869,4,-1,-1
210,-1,697.8972,658.2894,159.8927,172.00372,0.8122,4,-1,-1
211,-1,142.59442,1072.424,462.37506,229.6886,0.9668,4,-1,-1
211,-1,1223.0197,1040.9636,355.59265,300.98218,0.9553,4,-1,-1
211,-1,987.2158,782.0352,260.6106,163.2868,0.946,4,-1,-1
211,-1,1292.5192,699.3223,285.4403,133.2893,0.9177,4,-1,-1
211,-1,761.2961,652.0288,158.74182,175.70685,0.8424,4,-1,-1
211,-1,1000.4583,611.1497,192.21198,143.58197,0.8028,4,-1,-1
212,-1,1358.8025,706.90155,279.41455,122.91199,0.9539,4,-1,-1
212,-1,1293.0137,1060.7123,336.45972,295.81958,0.9414,4,-1,-1
212,-1,207.00139,1063.7863,460.7104,223.64783,0.9401,4,-1,-1
212,-1,1022.9733,785.3251,254.31757,159.62543,0.9096,4,-1,-1
212,-1,806.1975,638.1716,164.38245,185.37396,0.8986,4,-1,-1
212,-1,1061.6027,616.1056,198.00598,148.98431,0.6302,4,-1,-1
213,-1,244.27832,1063.3094,449.44183,213.07861,0.9735,4,-1,-1
213,-1,1067.2819,788.60065,250.4226,150.30878,0.961,4,-1,-1
213,-1,1388.4789,707.09595,277.667,132.01782,0.9577,4,-1,-1
213,-1,1339.5015,1066.4647,344.35657,321.14746,0.9197,4,-1,-1
213,-1,1095.0369,612.2242,196.18335,143.8775,0.8363,4,-1,-1
213,-1,845.55176,650.8411,159.36096,173.36383,0.7863,4,-1,-1
214,-1,1417.1436,711.60425,279.09546,125.49304,0.9724,4,-1,-1
214,-1,282.07626,1057.5154,426.5308,213.50586,0.9541,4,-1,-1
214,-1,1084.6816,791.56116,258.55566,148.99402,0.9502,4,-1,-1
214,-1,1377.6243,1084.4125,361.57275,314.91882,0.9161,4,-1,-1
214,-1,876.09204,632.0563,169.33423,190.93616,0.8998,4,-1,-1
215,-1,1424.3359,710.5833,296.4724,130.2591,0.9627,4,-1,-1
215,-1,304.69342,1054.189,420.4779,214.83667,0.9499,4,-1,-1
215,-1,1090.3318,795.20306,268.4641,147.24268,0.9354,4,-1,-1
215,-1,1409.8433,1096.2955,349.0277,334.07812,0.8946,4,-1,-1
215,-1,891.95166,648.42126,165.27588,177.87415,0.8464,4,-1,-1
215,-1,1142.725,612.6461,194.80945,152.15692,0.7102,4,-1,-1
216,-1,1422.3844,709.21484,305.55005,133.44342,0.9604,4,-1,-1
216,-1,1096.6035,796.0322,255.48071,145.0127,0.9595,4,-1,-1
216,-1,313.12863,1051.8344,411.86966,216.93848,0.9399,4,-1,-1
216,-1,1431.456,1104.6572,348.07092,334.7141,0.9274,4,-1,-1
216,-1,898.6649,646.7492,168.58813,180.52948,0.8756,4,-1,-1
216,-1,1147.4084,618.13336,191.53711,141.53192,0.6206,4,-1,-1
217,-1,1423.8821,710.90497,301.42578,130.41492,0.9625,4,-1,-1
217,-1,1089.9904,796.03253,250.31018,145.87085,0.9476,4,-1,-1
217,-1,293.98706,1060.8176,415.03516,195.55212,0.9126,4,-1,-1
217,-1,1453.3174,1137.6959,340.5061,282.39978,0.8763,4,-1,-1
217,-1,899.5677,646.1889,167.18964,180.65662,0.869,4,-1,-1
217,-1,1150.9286,612.37787,188.43237,148.95892,0.7127,4,-1,-1
218,-1,1422.7312,710.5235,306.67737,131.85803,0.9628,4,-1,-1
218,-1,1092.3275,796.7817,253.07764,146.29034,0.958,4,-1,-1
218,-1,1488.2006,1156.8304,342.75452,290.50623,0.9344,4,-1,-1
218,-1,296.03842,1058.7189,418.07608,198.85693,0.9187,4,-1,-1
218,-1,900.7548,646.6335,170.6756,177.79309,0.8339,4,-1,-1
218,-1,1150.2302,613.83636,196.02856,146.15076,0.7296,4,-1,-1
219,-1,1421.8522,710.9684,305.8496,132.36926,0.9678,4,-1,-1
219,-1,1081.5266,799.5193,251.71875,146.831,0.9594,4,-1,-1
219,-1,1526.159,1175.897,339.89722,307.58325,0.9334,4,-1,-1
219,-1,312.8036,1049.6405,417.5127,215.49341,0.9242,4,-1,-1
219,-1,902.1258,650.7316,169.7746,177.03033,0.8107,4,-1,-1
219,-1,1150.4867,611.8352,201.56982,147.15253,0.6504,4,-1,-1
220,-1,1087.6823,800.18195,246.69641,145.46954,0.9684,4,-1,-1
220,-1,1424.0225,709.1428,304.00977,131.61359,0.959,4,-1,-1
220,-1,292.24887,1055.4617,427.80447,197.13281,0.9557,4,-1,-1
220,-1,1544.9504,1202.3927,349.4264,298.313,0.884,4,-1,-1
220,-1,1158.4967,615.02795,186.50427,142.71472,0.7771,4,-1,-1
220,-1,911.1622,652.14667,164.88824,177.62457,0.7668,4,-1,-1
221,-1,1090.94,803.1882,247.60828,144.948,0.9769,4,-1,-1
221,-1,301.37384,1051.3762,436.0545,203.67432,0.9676,4,-1,-1
221,-1,1429.2726,708.7751,315.78552,132.1853,0.9452,4,-1,-1
221,-1,1537.5631,1178.3231,384.85803,341.4115,0.8333,4,-1,-1
221,-1,1168.2412,613.2965,185.25488,144.19348,0.7808,4,-1,-1
221,-1,920.6215,649.86957,154.79413,181.26099,0.6548,4,-1,-1
222,-1,1096.5946,802.52814,241.20679,150.17108,0.9818,4,-1,-1
222,-1,318.07007,1048.1395,434.86194,204.38916,0.9634,4,-1,-1
222,-1,1428.9214,710.07263,288.66394,135.32574,0.9353,4,-1,-1
222,-1,1580.5972,1203.415,379.3767,319.25867,0.8375,4,-1,-1
222,-1,916.2011,650.9531,174.86688,177.3504,0.6901,4,-1,-1
223,-1,329.92896,1043.79,446.9065,205.1737,0.9732,4,-1,-1
223,-1,1101.6671,804.9386,254.36035,151.50623,0.9688,4,-1,-1
223,-1,1450.2446,714.34125,288.04675,133.06818,0.9635,4,-1,-1
223,-1,1616.5304,1225.2872,374.60303,297.17944,0.8752,4,-1,-1
223,-1,942.26587,653.4735,167.89185,175.00659,0.7722,4,-1,-1
223,-1,-31.823608,990.72546,240.40549,162.78772,0.6779,4,-1,-1
224,-1,1465.2217,720.5457,291.40833,124.839294,0.9784,4,-1,-1
224,-1,355.48682,1040.1196,434.66516,207.25854,0.9663,4,-1,-1
224,-1,1101.5723,799.3978,243.75244,162.84668,0.9539,4,-1,-1
224,-1,1645.7749,1260.0548,377.11963,273.3662,0.8687,4,-1,-1
224,-1,963.5413,649.0616,167.45514,184.50604,0.8423,4,-1,-1
224,-1,-31.651215,988.0469,254.35432,166.50867,0.724,4,-1,-1
224,-1,1219.5564,609.7234,193.07507,149.53851,0.6656,4,-1,-1
225,-1,1487.9065,721.1185,291.42053,127.87537,0.9769,4,-1,-1
225,-1,1109.694,802.5507,246.80005,161.71008,0.96,4,-1,-1
225,-1,381.1308,1036.8267,420.79742,206.82483,0.9554,4,-1,-1
225,-1,976.63324,654.8926,167.99518,174.59253,0.8186,4,-1,-1
225,-1,1677.6823,1279.9501,374.6781,255.26868,0.8084,4,-1,-1
225,-1,-20.058313,980.38245,261.3321,168.42773,0.7575,4,-1,-1
225,-1,1232.7582,607.12213,200.89233,146.37561,0.7434,4,-1,-1
226,-1,377.1679,1043.8423,430.2138,195.96252,0.9744,4,-1,-1
226,-1,1125.3218,804.3885,243.60718,161.7138,0.9718,4,-1,-1
226,-1,1497.0914,717.1899,306.026,129.90405,0.9596,4,-1,-1
226,-1,-15.114267,963.0561,276.65887,169.24396,0.8027,4,-1,-1
226,-1,990.55896,659.5325,163.02417,166.18329,0.7328,4,-1,-1
226,-1,1724.6648,1304.3256,369.9414,219.51501,0.7274,4,-1,-1
226,-1,1261.0072,601.8381,174.10559,151.09088,0.6428,4,-1,-1
227,-1,407.91898,1038.9564,420.2831,198.69666,0.9656,4,-1,-1
227,-1,1146.7524,807.1315,240.85266,161.39972,0.9652,4,-1,-1
227,-1,1499.3945,721.46924,300.44714,132.76929,0.9515,4,-1,-1
227,-1,1778.3456,1331.9496,364.07556,206.49097,0.8375,4,-1,-1
227,-1,-6.0776124,960.54626,287.84238,172.74744,0.8161,4,-1,-1
227,-1,1006.5606,662.6103,161.46869,159.9176,0.814,4,-1,-1
228,-1,1512.9366,726.7469,304.03052,129.92542,0.9719,4,-1,-1
228,-1,426.78906,1033.7623,425.65613,197.82727,0.9648,4,-1,-1
228,-1,1162.6838,811.18274,240.5935,152.92126,0.9617,4,-1,-1
228,-1,1023.22345,656.5499,164.9743,167.76233,0.8635,4,-1,-1
228,-1,-9.153524,965.3407,310.58826,161.91943,0.8336,4,-1,-1
228,-1,1810.5042,1348.5748,371.98926,195.82556,0.7263,4,-1,-1
228,-1,1287.7355,608.9018,196.19653,154.58807,0.6626,4,-1,-1
229,-1,1529.51,729.3045,298.3202,130.84406,0.9785,4,-1,-1
229,-1,444.24994,1026.4332,425.3321,203.49915,0.9497,4,-1,-1
229,-1,1177.0955,813.41626,242.56506,155.76587,0.9242,4,-1,-1
229,-1,1043.8744,654.7021,162.41016,173.84961,0.8616,4,-1,-1
229,-1,-8.363653,961.77515,323.03168,168.0509,0.8606,4,-1,-1
229,-1,1318.348,621.4746,180.78992,138.65039,0.7502,4,-1,-1
229,-1,1841.557,1376.5714,380.78357,167.79724,0.6591,4,-1,-1
230,-1,1550.4958,727.9094,292.9319,132.11774,0.9652,4,-1,-1
230,-1,438.7808,1027.5663,437.11105,203.65784,0.9623,4,-1,-1
230,-1,-2.4617586,961.07385,334.16428,161.57617,0.9082,4,-1,-1
230,-1,1180.716,817.32184,249.8971,159.50653,0.8591,4,-1,-1
230,-1,1061.2657,665.62103,154.37976,161.27362,0.796,4,-1,-1
230,-1,1334.1055,620.1341,183.52856,141.21863,0.6993,4,-1,-1
231,-1,459.9588,1034.1675,408.29742,183.15979,0.963,4,-1,-1
231,-1,1564.7329,727.9789,305.29932,134.90753,0.9463,4,-1,-1
231,-1,1187.0464,817.2702,236.76636,148.48547,0.9136,4,-1,-1
231,-1,-4.620246,954.85376,365.0344,162.50378,0.9006,4,-1,-1
231,-1,1065.1003,663.02216,157.73499,167.41321,0.6853,4,-1,-1
232,-1,490.61545,1032.0402,396.5623,185.0498,0.9633,4,-1,-1
232,-1,1191.9972,817.77673,239.6615,147.44904,0.9282,4,-1,-1
232,-1,1561.3654,731.1339,301.36804,141.70679,0.9244,4,-1,-1
232,-1,11.125869,956.6016,366.80933,159.20428,0.887,4,-1,-1
232,-1,1077.4874,661.8286,162.24048,157.42383,0.7829,4,-1,-1
233,-1,492.25287,1028.0963,416.0135,187.40857,0.9671,4,-1,-1
233,-1,1564.5145,732.4293,312.05786,144.13202,0.9502,4,-1,-1
233,-1,1196.159,818.41327,249.93274,150.13043,0.9251,4,-1,-1
233,-1,1097.8271,657.761,154.67224,166.01208,0.8695,4,-1,-1
233,-1,27.50334,957.6266,358.28503,153.32104,0.867,4,-1,-1
233,-1,1366.2063,597.1695,196.15564,168.35156,0.7643,4,-1,-1
